5.5794	13.1131	128.1388
-0.296	21.7453	124.3869
20.2677	11.0953	55.3467
3.0293	21.5578	115.5042
-4.2928	23.8601	119.3962
9.5866	23.1543	78.817
3.2913	16.9253	130.24
2.3403	25.3589	87.837
7.4575	24.1473	64.7128
9.2135	23.7542	71.2993
16.7439	17.3394	66.2455
3.4367	23.7163	103.0068
-1.7557	24.9604	105.8167
16.447	15.2865	73.0682
-0.8964	24.8391	105.7755
10.1805	14.362	104.6548
8.7217	12.5357	113.0349
5.9451	24.3694	65.2924
13.7841	21.299	63.2241
15.803	15.1123	76.7707
11.3188	22.5357	72.3733
2.999	23.9694	102.7267
15.7893	14.4346	77.6606
10.081	23.4168	67.9594
-3.5403	23.0976	123.8321
5.9909	17.221	118.5722
7.7235	13.8449	116.7869
17.0431	18.9622	46.9364
14.7263	19.4251	70.9752
-0.3905	25.1703	100.631
6.2587	14.9115	122.1126
1.0144	19.6775	129.3089
16.3808	16.1784	71.7608
4.6582	23.7123	98.6753
8.2923	24.0418	75.4193
12.3363	12.2648	95.5469
14.994	15.3613	80.5913
17.6796	16.379	63.0841
15.1458	17.153	76.4521
13.1052	14.9951	90.2788
8.3743	15.4357	111.6561
11.4701	22.5104	54.7259
11.8043	22.2278	71.8542
13.4742	20.6178	72.7743
17.3163	17.0012	63.4851
8.1527	18.6344	106.0941
19.2459	16.6188	45.3763
4.651	24.7658	88.7187
1.3219	25.2572	94.7778
9.2142	21.0611	93.6819
0.7645	19.8791	129.3117
3.824	23.4789	103.2046
-2.7311	24.5648	111.4693
7.6091	24.3346	71.6234
11.9791	12.6237	97.1894
0.525	23.1608	115.0015
10.288	23.0179	75.0568
7.2511	24.4123	76.5757
4.1787	16.5229	127.7378
8.9615	18.8582	102.0565
9.19	22.8527	52.1633
1.2003	20.9253	123.8458
10.6409	22.3769	50.0566
17.1052	15.8348	68.256
11.7837	15.9142	95.3574
6.5252	11.7231	124.7796
2.2055	18.3245	130.0835
9.2208	18.6655	101.4412
21.7232	10.9892	45.2307
14.4509	12.5809	85.387
17.8668	12.5879	68.2643
7.3263	24.0965	82.6458
10.3893	23.2689	63.7158
21.2232	12.571	46.236
11.4347	21.7797	78.5258
-1.118	21.7036	126.6254
8.8228	20.1899	98.6451
-5.0356	23.4014	123.5849
10.9255	20.3539	88.4523
-6.7746	22.107	133.5965
15.1477	15.5142	79.5915
5.6686	20.0887	111.7412
6.2647	15.6557	120.7393
6.5958	24.6055	72.2579
-4.8356	23.185	124.9225
5.8281	24.4622	86.7301
17.4987	18.0775	55.8795
12.653	11.994	94.0472
5.7358	10.0863	130.1247
-5.9558	23.7673	121.1513
-0.252	21.3412	126.1283
0.2841	22.6067	118.6436
1.865	25.4232	87.3756
3.3495	24.1346	100.3233
15.499	18.3505	70.6703
13.5211	21.5886	60.7219
10.7026	22.8677	56.3712
6.7939	23.7064	89.6635
10.597	14.9519	102.0922
9.895	23.4995	67.9731
18.3054	16.7943	56.3822
1.8802	25.4099	83.3215
10.5496	21.7148	84.0548
20.9057	11.8327	50.3505
7.899	23.7246	59.5821
4.8143	16.9551	124.06
10.82	22.9763	70.2611
6.8049	14.2754	120.5855
10.9631	20.9836	85.6149
11.1408	22.4961	74.3893
3.7522	14.3546	134.6347
13.5784	21.5699	55.9372
-5.9072	22.9594	127.4192
-4.6738	23.9529	118.9485
-2.0337	22.8323	122.7664
6.9643	13.1702	121.2145
11.5759	19.5053	88.2902
-0.7465	24.5681	108.1431
4.1666	13.401	134.6182
9.4676	17.5359	103.0123
6.4634	23.8274	90.2156
9.7238	22.5846	83.0221
-3.0598	23.7851	118.4623
12.1371	22.3721	65.2374
5.0901	24.8983	73.4307
12.1061	17.3279	91.4159
8.811	17.4475	106.0776
6.329	11.6715	125.8618
4.4645	16.2385	127.2489
3.1724	23.4925	105.3085
10.9762	15.8445	99.1972
7.6446	24.1243	64.9243
-2.1865	24.4144	112.1148
-1.5048	21.2906	129.4902
10.0588	23.1096	57.2034
6.7271	17.9355	113.8012
5.9179	22.0948	102.9519
20.5755	12.6788	51.4107
16.3786	12.1846	76.0675
21.0419	13.275	45.6949
6.5825	12.6058	123.7112
0.0337	19.654	132.3549
-3.9073	22.4042	128.5481
10.6181	22.5836	77.4134
10.2736	23.1473	73.1973
14.4947	19.9322	69.7749
4.8307	24.884	85.6424
14.1154	19.9471	72.3595
2.5008	22.6429	112.1477
8.2544	22.8026	50.9603
-3.3505	24.8138	109.272
0.7854	24.5407	104.8032
10.3159	23.2062	71.53
2.3416	23.4952	107.9151
17.1801	16.4471	66.2372
14.0135	20.8316	45.3735
-3.9369	21.7546	132.1462
2.5456	22.3475	113.4689
-1.9753	22.6981	123.4063
15.7137	19.9197	57.8352
12.3491	21.3723	75.4193
7.9738	23.6396	58.6839
8.7274	21.4627	94.1571
-4.1188	24.1167	117.0862
14.6081	18.521	75.488
16.0415	17.0941	71.4834
12.2114	22.2803	56.0883
5.1745	24.9694	78.4077
18.9579	12.1241	62.51
14.2272	12.1384	86.5213
15.2489	14.855	79.9431
2.0538	21.6945	117.9927
8.7011	22.7677	87.2465
12.8732	21.8238	66.3279
16.8422	18.4601	59.8238
0.1923	24.7154	104.6796
16.0363	18.3864	66.8745
7.7081	23.1565	53.6905
8.6103	21.475	94.624
18.4599	14.3008	62.9797
10.4885	22.0971	82.0525
17.6403	17.9559	55.2808
12.0106	22.1649	70.728
8.1533	18.1416	107.3301
13.5455	21.5768	55.2561
8.1368	10.8288	116.5452
12.4668	22.1312	65.9653
-5.5329	24.1355	117.5889
17.53	11.7705	70.3352
11.8794	21.8408	47.8263
2.3568	16.6023	134.7885
19.2571	14.9926	55.8054
11.1843	22.5548	73.3346
13.2122	21.7737	61.7602
6.8371	20.7975	104.7262
3.2519	21.6831	114.238
-1.7864	22.4115	124.5737
15.8341	17.3796	71.9036
7.4537	20.2769	104.089
11.6202	22.6872	64.5837
5.4711	16.7005	121.9533
5.8856	24.6831	82.6073
9.1664	12.4076	110.898
13.259	21.7818	58.5054
11.7909	21.862	75.5429
11.5022	22.1638	50.1582
10.0049	22.8017	53.0889
13.6181	12.4684	89.3971
2.241	20.2182	123.3898
8.3597	11.8424	115.1746
7.4704	21.3643	99.9635
11.127	17.6241	95.3629
7.4154	18.8527	108.5826
6.409	9.9828	126.2024
13.5154	21.4175	64.8639
16.8406	12.8505	73.5022
9.2376	23.7629	67.5886
10.7463	22.7509	74.6393
14.9431	16.409	79.1466
8.3495	10.9767	115.4135
7.2121	21.6494	99.818
12.2094	17.3695	90.8419
8.6381	17.2006	107.3466
12.3299	15.0117	93.9346
15.6701	18.609	68.4318
8.0928	22.5562	91.5148
10.6407	12.514	103.6523
15.3424	11.8622	81.1681
-0.3175	22.162	122.434
8.1812	24.121	68.3467
6.5758	23.8384	89.5811
18.7092	15.7046	57.7335
12.3308	22.3156	59.9693
-3.5372	23.9455	117.891
17.5422	16.7096	62.9302
14.5704	14.9032	83.2775
20.1261	13.5857	52.9131
-5.8103	23.5817	122.6977
7.1025	22.149	97.9777
6.9104	15.458	118.2234
6.3497	14.3025	122.6812
9.76	23.4089	73.6917
-0.9561	25.4038	96.9175
5.8363	13.1693	126.7875
3.7232	25.1625	77.2925
4.983	11.0189	133.8217
2.0741	25.2332	92.5613
2.7679	24.2672	101.2352
7.5465	23.2339	89.713
14.3326	16.0357	82.9205
-1.4955	24.2535	112.2851
2.62	24.7425	97.3872
-0.0133	22.9772	117.4076
-4.9901	23.3576	123.8623
7.4821	23.1074	53.2153
5.9919	22.3647	101.3781
20.6559	10.6462	53.1521
15.5843	12.49	79.9156
4.1698	22.2292	108.6952
3.5625	25.1357	87.6612
17.2449	15.9486	67.1381
2.0881	17.4017	133.4152
-0.3412	21.4329	125.947
7.9494	23.1603	88.2737
19.4073	11.5434	60.2522
21.0208	13.3554	45.5988
9.1625	23.1403	55.0473
10.484	19.5423	93.3386
7.014	14.9003	118.6766
10.8473	17.0558	97.7827
19.8529	15.2606	49.1118
20.5922	11.6314	52.8198
5.5559	24.8689	79.6904
16.131	18.836	63.7185
1.1481	20.4973	125.7382
8.8289	23.9226	69.5415
6.3491	22.6026	98.7577
10.4571	21.9399	83.2336
-3.5841	24.7902	109.695
12.6927	22.0724	63.4329
17.9361	17.153	57.8242
-0.9386	24.7177	107.1104
-3.032	22.438	126.8836
4.1846	25.1115	77.0426
12.989	21.8141	64.9188
15.9335	16.6601	73.2275
1.6244	21.6405	119.528
18.2969	17.3796	52.2924
16.0716	18.7122	64.9408
3.9338	24.6052	93.9401
12.9131	13.0453	92.6052
16.2254	17.6736	68.5005
1.1535	25.4085	91.751
7.5009	15.9637	114.6994
10.823	14.4492	101.5648
20.1701	13.9341	51.6085
6.18	24.6292	81.4922
6.3157	13.5297	123.9529
15.0089	18.9707	71.2554
6.229	13.2635	124.7247
10.8595	22.8606	57.143
8.3498	19.0043	104.2703
12.8275	20.774	76.1252
9.8721	23.4852	69.8491
17.1867	18.6021	54.3634
13.7269	16.7324	84.7278
9.3682	21.3642	91.6768
15.0564	20.3453	60.9114
19.5996	12.3307	58.5383
2.8388	21.9185	114.5401
-2.2938	23.7986	117.1412
16.6888	18.8674	58.0082
0.3117	19.2369	133.1158
16.5251	17.2733	67.9319
-4.3073	22.3524	129.449
5.6984	19.6952	112.9168
4.5477	21.8316	109.1731
12.7318	16.3096	90.2953
12.42	21.7181	48.4004
7.3155	23.4183	55.8493
5.5698	23.5487	96.2336
18.4143	12.1063	65.5533
7.3994	24.4028	73.1368
12.6833	13.5316	93.4732
0.3562	24.7092	104.3417
5.258	24.7903	84.7992
4.5545	14.9164	129.8143
17.9246	12.1925	68.1516
-2.5609	22.1818	127.3808
2.3875	21.8715	116.1744
11.8738	22.0804	50.5538
6.7412	24.5404	78.4681
13.9194	21.3637	57.6374
17.4669	18.5757	46.0053
-4.6112	23.3348	123.648
-0.32	22.4534	120.97
14.3669	20.9106	61.6366
6.4292	23.7294	91.1934
4.7474	16.688	124.9911
9.0238	18.3115	103.1854
8.7519	23.9242	67.204
20.3071	12.9909	52.8335
4.8462	24.8017	70.7857
18.7109	17.1814	47.8703
14.5611	19.4874	71.7745
3.385	22.2787	111.1095
14.1379	17.2965	81.4812
-5.1111	22.6768	128.5426
5.9924	22.2393	101.9851
10.1403	16.8262	101.411
11.1239	22.2443	76.9739
13.8564	15.3881	86.2
7.0437	22.8523	94.4757
12.6464	22.1345	61.7354
-0.3498	23.8226	113.0486
10.6121	17.7859	97.3624
15.2878	20.3032	57.9753
16.7411	15.3594	71.3131
1.492	24.919	99.0709
1.3038	20.9788	123.3157
15.9065	18.6367	66.6053
-1.2345	25.2662	100.4854
11.3879	22.7681	66.9486
15.3864	13.2256	80.6105
3.2341	25.2833	84.4723
17.9178	17.9169	51.8337
0.955	25.4409	91.3033
8.2381	15.0503	112.8426
16.9773	14.3818	71.4586
6.7992	24.3368	82.5854
4.1879	15.1516	130.9349
12.9665	21.8836	63.6389
7.2003	21.5436	100.3206
1.6044	19.4648	128.2185
17.9743	16.222	61.502
4.1957	15.136	130.9349
2.6019	19.4375	124.9966
14.8099	19.9296	67.3606
5.3844	24.9151	79.4871
11.3669	18.3986	92.4569
7.4395	11.2675	120.1708
14.3524	18.2194	77.916
1.0835	20.1306	127.3725
15.346	18.1118	72.5079
17.5144	18.3776	52.1056
0.4525	24.6722	104.4571
18.6934	17.0392	50.0841
13.3262	21.7321	59.9556
5.5403	10.9762	130.718
6.6076	23.5458	56.8409
6.9963	10.7803	122.7197
7.4995	24.2698	67.5007
11.1222	21.3664	82.8655
9.2548	13.0597	110.1097
19.5796	11.0915	59.442
5.797	15.9613	122.1813
18.4765	16.3706	56.9617
6.9428	16.7479	115.6085
7.6401	20.1588	103.7237
5.5353	24.5511	87.1256
3.9767	24.0482	98.7632
-2.2181	25.1628	103.3776
19.5357	10.8372	59.7578
5.0582	16.3178	124.5682
9.2168	22.1524	88.455
11.7609	21.8578	75.7874
20.719	14.164	45.173
11.9001	18.3343	90.103
8.3502	22.5432	48.9634
2.2114	25.3804	82.4123
3.6149	25.2083	84.9695
8.5352	17.0031	108.1953
-1.7549	24.9818	105.5448
-4.6506	22.967	126.1667
5.0548	24.9821	76.7212
14.0077	18.5048	78.9323
-1.2911	25.4209	96.5714
13.2799	19.1697	80.6874
1.8668	19.5633	127.0099
10.8463	17.9025	96.0385
12.2763	13.0494	95.6348
16.328	17.3405	68.9784
8.4725	22.6527	89.1334
16.7427	17.3739	66.1273
1.2901	17.8419	134.8489
2.7476	16.602	133.2696
8.0748	20.1231	102.0428
18.6724	15.3319	59.2167
7.5791	11.2778	119.4264
2.8281	24.7871	96.1704
11.5699	22.7007	60.5351
1.1689	19.2259	130.4817
7.4259	16.7637	113.4964
16.6997	18.1437	63.0428
7.3608	23.7152	86.7191
8.5887	23.834	63.2489
4.5247	23.988	97.1729
2.0314	19.7929	125.6421
-3.0357	24.4782	112.6778
8.1022	15.1702	113.2904
9.1487	20.8346	94.8822
6.8574	24.5365	76.9849
10.1918	14.5286	104.4351
10.9907	22.6417	54.2892
-1.844	20.2553	134.9286
-5.1299	22.8432	127.5043
7.7963	13.1421	117.1549
2.2026	19.9157	124.6341
2.3447	18.1	130.3087
6.7909	21.4396	102.4053
7.504	22.9905	91.5725
0.3544	25.3653	95.3931
1.788	18.5476	130.7949
6.4534	23.8204	90.3227
1.7033	23.1733	111.6945
7.201	23.8033	59.604
20.8948	13.525	46.2442
-0.177	23.7414	113.1887
-5.6887	21.9142	133.7475
18.0171	15.7088	62.7572
2.2665	24.4668	101.1803
15.6026	15.425	77.3695
7.6441	23.5883	86.373
10.1974	14.3711	104.5669
3.86	15.9016	130.5943
8.8843	20.8347	96.0523
5.7708	24.7565	72.0684
18.8296	13.4659	61.9716
18.3828	16.5287	57.0386
9.1134	18.2793	102.875
-1.4946	21.1985	129.8912
16.2868	15.61	73.4033
9.5286	12.8016	108.9314
9.8981	13.3736	106.8055
-0.0647	25.2062	99.384
3.1705	19.0621	124.2798
18.7609	14.7431	60.1286
2.2274	24.7827	98.2771
4.5167	16.7441	125.8014
3.4668	24.7857	93.7698
5.5845	22.7905	100.7573
20.0799	10.9125	56.5772
7.7061	21.9219	96.5247
7.1708	24.1579	82.8079
-1.5085	25.337	99.2604
19.0228	14.6728	58.4697
15.618	14.1825	78.7785
5.9196	15.0887	123.3377
21.6506	11.0424	45.7443
-0.0504	20.7668	128.0894
9.6931	22.382	48.5624
15.7062	13.5562	78.8307
12.3833	22.2173	56.536
11.5835	14.3903	98.0546
10.1023	22.5748	80.8605
5.7546	23.4653	96.0468
-3.5497	23.6673	120.0059
7.9984	16.3061	111.8813
0.3701	25.0096	101.0649
10.3372	22.724	78.0232
6.2408	14.0189	123.6233
18.9211	15.2563	57.588
7.0018	22.2917	97.692
17.897	12.0349	68.3577
14.0536	20.0319	72.3074
9.3242	21.2016	92.5915
3.2941	25.1519	76.3202
8.4281	17.9133	106.6984
8.5496	22.4039	47.9719
6.2045	22.5058	99.8372
7.9386	14.6415	114.7873
8.7062	21.1685	95.5057
6.3665	23.8635	90.3612
19.519	14.5205	55.1791
10.0549	23.4029	69.6239
4.1338	16.4659	128.0647
8.5715	22.5798	89.1032
18.1133	17.9405	46.0218
10.6107	12.5972	103.7704
9.2153	15.5005	107.7393
21.6762	8.9572	47.0435
-2.9572	23.3662	121.1925
15.0223	20.5944	55.4978
11.6629	13.2224	98.4776
9.8724	22.1984	84.8184
9.1372	23.6364	62.0733
13.9211	18.7454	78.6274
12.5044	22.1606	56.5744
9.1793	20.3142	96.6648
17.4166	16.3384	65.0012
5.8237	14.9861	123.9584
8.1564	14.7101	113.6859
15.2422	20.3072	47.4885
14.2673	14.8001	84.8788
5.9258	24.0888	61.9634
6.4621	23.9856	61.0598
3.8517	23.7722	101.2023
13.2837	14.3278	90.0673
8.1744	23.2094	86.7521
-0.6497	24.8584	105.0806
-5.9582	22.5353	130.273
13.0754	21.891	58.5273
13.5125	21.4508	51.2404
7.4385	20.3217	103.9984
18.5998	17.3823	46.5601
6.6976	24.6041	75.1831
16.8219	12.801	73.623
3.4335	25.131	75.9494
10.5326	22.703	53.3828
10.3913	22.3855	80.5748
15.8669	15.9747	75.0403
12.5534	17.8155	88.2188
10.3015	17.7548	98.8319
5.9406	24.735	80.7204
18.7815	17.0436	48.5487
4.9485	24.5988	67.7287
16.1018	19.3132	60.3401
11.7649	12.3448	98.2743
16.3738	17.1458	69.3025
14.1657	19.7975	72.821
-5.4155	23.8207	120.5168
0.759	18.3568	134.8846
21.356	12.1997	45.9998
5.135	15.3952	126.2436
12.9564	20.9465	74.2053
18.777	16.2471	54.8413
-3.6777	24.4508	113.5842
11.9337	22.5078	59.42
10.6829	21.0351	86.8043
3.3477	22.5416	109.9586
15.4926	20.1344	47.1754
13.0961	16.6555	87.9606
5.1995	19.9886	113.8452
6.495	10.0078	125.6998
1.8683	19.4813	127.2983
21.4177	10.1172	48.4059
20.5944	12.3808	51.8007
21.2197	11.4341	48.5624
-6.7171	23.1686	126.2766
12.9976	17.7266	86.2522
5.3734	24.908	80.1738
20.3822	10.9354	54.7232
0.198	24.5747	105.976
8.4983	21.4594	95.1871
-1.5048	23.9243	114.7983
3.0192	17.4153	129.9022
17.2291	18.3349	56.7255
17.7676	13.9316	67.6215
14.7839	14.7253	82.4151
-1.9664	24.5533	110.5025
12.9143	17.3387	87.5184
9.6173	19.8029	96.4368
8.1439	10.9065	116.504
7.7537	21.9888	96.0028
12.4404	18.351	87.4497
-2.0838	23.623	117.9817
5.0847	9.4616	134.338
13.0939	21.8314	62.5759
-3.8492	23.9236	118.4294
3.9466	20.5646	116.3501
9.3785	23.1237	55.3055
7.3665	14.2469	117.9844
10.2379	17.761	99.1038
6.653	24.4914	68.8768
2.4068	20.8284	120.5058
21.4616	10.6365	47.6945
-2.2485	21.5209	130.078
14.5128	15.4437	82.8958
16.3095	19.5517	53.5202
-5.1112	22.0474	132.2918
6.9381	18.9231	110.3377
9.669	20.5163	93.7506
6.6959	13.1668	122.5411
14.32	12.2474	86.0681
8.4172	23.2697	84.953
6.9145	17.5048	114.0567
20.6104	10.0184	53.6355
16.147	12.9845	76.952
18.3254	14.167	64.0289
3.4284	15.1733	134.1952
-0.3597	23.4684	115.3641
21.2042	12.0707	47.6038
1.3666	21.0334	122.9009
-1.428	22.3559	124.0847
15.7412	20.0288	54.5639
4.4216	16.069	127.8312
8.9471	23.7548	63.5592
20.7083	13.9955	46.1866
8.5104	13.4049	113.4497
15.6277	18.7259	68.1791
5.7366	24.8458	77.3777
19.3354	12.7304	59.7578
11.1613	22.1013	77.9023
4.1689	17.631	124.8675
15.561	18.6414	69.0361
-1.8342	24.9253	106.3605
15.0851	20.3824	47.0655
8.4429	23.9798	65.8692
5.3528	24.8003	71.7141
21.3693	11.8729	46.6178
-5.166	21.7251	134.1623
14.2083	18.3422	78.3363
-1.7192	20.5008	133.558
15.7192	14.2165	78.2347
4.1857	24.9264	88.5429
18.1353	11.6691	67.2068
-3.3942	22.8132	125.3482
6.2674	24.3875	85.2304
3.8602	24.0675	99.0379
15.7799	19.8499	45.0961
4.9348	23.4355	99.4636
5.6205	24.8677	78.4764
15.8478	12.8599	78.4983
14.8719	11.997	83.4341
7.034	13.8481	120.0774
9.8137	13.0279	107.4262
5.6991	11.208	129.6468
9.8094	20.0285	94.8383
8.2036	19.1132	104.5834
9.0935	21.3171	93.1463
7.1136	10.6105	122.1126
13.3855	19.9956	76.7515
5.4638	14.5919	126.315
-0.9851	22.4552	122.5576
7.2472	23.2829	90.7814
9.3211	20.2306	96.3297
11.276	15.346	98.4748
-4.2814	23.2356	123.9502
3.349	23.3891	105.3552
2.4953	23.6366	106.5638
10.9242	15.9113	99.34
2.1785	25.1455	93.7423
8.6685	23.7011	61.1641
3.9284	14.4266	133.6761
7.1565	24.3835	78.6933
14.7617	20.3284	64.4876
6.3985	19.3516	111.2551
7.7495	14.5898	115.7349
7.9667	13.9201	115.5426
13.6932	17.1207	84.1263
5.8995	16.9033	119.6928
4.4395	21.1052	112.5597
16.8528	18.7677	57.0331
4.1548	20.3199	116.5067
7.7275	14.3601	116.1414
15.8529	14.8669	76.8339
16.4686	17.1552	68.6763
1.3139	18.3343	133.1213
-0.7885	20.3873	131.682
4.8586	24.8317	86.4994
8.0748	13.164	115.7733
-5.7374	23.124	126.142
16.6541	19.2617	45.8872
21.3654	10.6423	48.3866
14.287	12.8203	86.1121
5.126	11.3761	132.6544
8.7542	23.8474	75.1337
-6.2607	22.1226	133.0966
7.3047	20.4991	103.927
3.8645	24.9238	90.1772
10.8902	13.1846	102.1773
14.0663	21.1554	51.1306
21.6496	11.4391	45.0742
12.2857	22.3254	63.4219
2.273	24.8858	96.9724
7.8246	22.7291	50.2791
20.5661	11.0347	53.5009
6.0669	15.2949	122.2967
11.676	12.0206	98.7385
6.7051	10.962	124.2551
6.4169	24.6354	78.9131
11.1452	22.3519	51.1525
0.4581	22.3901	119.2918
-0.9627	20.2868	132.5637
15.3988	20.288	55.7422
14.2302	21.115	59.3156
10.2617	23.0767	57.599
-0.2878	24.0027	111.6533
2.8862	24.9953	93.3331
12.7724	22.0366	62.8286
9.1373	23.6384	75.6171
19.9744	10.6293	57.2886
14.3204	20.8252	47.3814
15.4721	20.163	57.4561
14.3078	14.0706	85.3458
15.4233	15.504	78.1852
5.0073	24.2879	92.6519
16.6457	19.2516	52.9571
7.2374	23.5616	57.1513
-4.1391	24.7105	110.8898
17.3992	18.6418	46.8925
8.5647	16.738	108.5826
9.0577	23.837	69.3547
11.6815	15.8569	95.9149
9.7413	23.108	56.0553
6.7709	19.3347	109.8241
8.0172	21.0303	99.0242
15.7087	16.3718	75.1227
3.7475	19.5151	120.7311
7.4505	22.1645	96.4423
12.2238	15.3361	94.0609
-0.2102	22.5191	120.3575
10.5425	21.759	83.8406
6.5307	24.0409	61.7162
19.3973	14.364	56.525
10.6612	19.2772	93.3276
11.3059	21.7394	79.5943
-4.5846	23.4296	122.9476
21.1292	12.5309	47.1973
15.1162	20.3469	46.7386
12.4861	14.5419	93.6682
11.5696	22.2862	73.2083
7.9809	16.6061	111.3952
11.9571	13.9078	96.6785
15.3208	17.4613	74.6695
1.1187	22.9866	114.3835
3.8569	17.6408	126.0514
6.3557	10.8296	126.2464
18.8092	15.7366	56.8107
11.1835	22.6941	71.3845
-3.3441	24.9056	108.0305
4.0511	15.6313	130.4323
8.2612	14.1562	113.8809
18.6792	15.7819	57.6923
14.0629	16.3738	83.7033
6.471	14.2016	122.2637
8.3165	23.1922	54.4073
13.7119	20.462	72.1013
19.4433	12.0075	59.7606
20.0744	14.579	50.1747
5.113	18.7187	118.1382
20.0102	11.4576	56.7145
0.2321	25.3823	95.2915
5.744	24.5026	86.6449
14.6203	20.5399	63.7048
13.979	21.3258	56.2311
-0.0189	23.3793	115.0922
2.5816	21.2893	118.0778
15.667	18.7884	67.5913
-0.6574	23.071	118.4266
0.285	25.4158	94.2505
8.2331	23.3562	55.9372
10.5276	11.9714	104.3197
-4.6872	24.2809	115.9244
6.6792	24.6071	73.9554
13.4072	21.1544	69.1377
15.267	20.3256	57.8846
5.472	17.8208	119.2012
2.5103	24.6633	98.571
5.3923	21.4675	107.6597
8.1385	14.1437	114.4742
11.3729	22.7964	60.84
5.398	24.8711	73.9554
18.088	11.7123	67.4458
8.2572	23.2002	86.3895
2.979	17.0685	131.053
12.1582	18.9927	87.0377
19.7302	13.2258	56.525
8.3143	21.1559	97.2608
3.1171	23.6627	104.4186
7.7492	19.061	106.6269
-4.944	21.9871	132.4126
0.8239	24.0639	108.4754
-5.2074	24.0991	117.8993
8.8897	23.2254	55.4895
20.0307	14.5505	50.7103
9.9824	21.7393	86.8839
7.4881	18.152	110.107
9.4319	23.5802	73.6752
3.1232	23.5628	105.0339
5.9211	23.692	93.7423
3.1635	25.299	81.7943
15.468	17.7152	73.0709
12.2726	18.415	88.1007
-2.0682	24.0495	114.9081
0.5504	25.2224	97.6316
5.8193	19.4446	113.2382
16.842	17.6898	64.1443
9.1944	23.0604	82.2832
-4.7558	23.9308	119.1957
17.7544	13.1654	68.4703
4.7318	24.8992	72.5298
12.467	18.6479	86.5131
3.074	20.5913	119.2369
6.2345	17.8162	116.1222
0.2267	23.6735	112.6531
11.4635	22.7569	60.9279
0.6333	22.7087	117.1906
12.6402	22.0011	66.174
21.1993	9.6138	50.0484
9.9314	13.2255	106.7423
18.3346	17.7041	45.9311
14.774	20.7577	52.0617
15.6712	17.0343	73.8043
-3.6214	24.8064	109.4972
2.9334	25.2855	79.7755
18.7688	13.145	62.7297
5.3758	24.7325	85.1617
6.1425	24.3259	86.7548
16.7963	12.811	73.7494
-3.8254	24.212	115.9739
8.6265	22.7978	87.4223
9.3362	19.9982	97.0466
4.6172	24.3104	94.0884
2.5067	25.3699	82.9809
21.6626	9.3189	47.071
13.7448	20.7181	70.0661
6.5108	23.8818	59.9913
14.274	20.8212	64.1855
6.3697	10.8324	126.1667
11.2767	15.6212	98.1178
5.8723	18.1795	116.6523
14.279	21.1267	56.3163
7.9908	13.4099	115.9574
8.3939	17.004	108.8105
6.1829	16.4559	119.4813
12.1572	20.661	80.7204
14.0865	21.1691	51.776
5.6101	24.3709	88.9988
-0.0026	22.5555	119.6461
8.6021	23.0055	52.9324
6.6329	15.6137	119.1847
11.1414	22.2484	49.9825
14.9225	20.6309	50.8037
3.3784	21.7546	113.5101
5.9721	16.0084	121.3243
0.5713	25.3986	93.9593
19.4446	13.9519	57.1348
17.2114	14.4528	70.0771
3.0437	18.1609	127.5867
-5.8328	22.2876	131.6985
7.5805	16.8871	112.5762
-0.4297	24.1799	110.67
13.9136	21.3217	53.4625
18.9044	13.4691	61.5075
-1.5743	25.243	101.3369
13.7768	13.4679	88.293
10.6137	23.1355	61.7025
20.1425	14.5972	49.4194
11.9251	18.4567	89.669
15.8653	14.8894	76.7405
9.6085	23.4397	74.6777
8.9937	19.3154	100.6447
17.7625	12.5232	68.8575
5.643	13.2167	127.6774
7.251	19.2856	108.0305
0.3557	25.4656	92.2427
9.7535	23.5462	69.4865
-4.1816	22.4086	128.9409
14.0623	19.3527	75.5402
10.9522	20.6573	87.1036
6.3021	20.7628	106.951
-1.9241	22.5479	124.1287
11.107	22.6689	55.2698
5.7772	17.3633	119.1133
16.6749	19.2882	48.1971
6.8038	21.1783	103.4079
7.6587	13.9731	116.9462
15.6356	12.6796	79.6107
5.8325	16.9948	119.7615
16.4143	13.0109	75.5924
8.3164	24.1052	70.5852
17.7186	15.56	65.0891
2.843	25.1911	76.9877
18.3043	15.4627	61.4608
-3.1568	22.5669	126.381
-1.0569	24.834	106.1325
0.8093	25.3455	94.5801
9.758	18.9524	98.3238
-1.5094	22.0497	125.8371
13.9921	12.5013	87.6035
16.9967	19.0094	48.318
7.267	24.4216	75.8451
-3.1364	21.0579	134.1568
-5.0127	22.4001	130.1164
5.6754	24.5804	68.0967
6.8138	11.9188	123.1179
15.1299	20.5262	53.8525
4.4938	25.0724	82.6925
8.8504	12.9276	112.1642
3.7949	22.8342	106.9758
19.5025	11.61	59.6644
9.772	14.1781	106.7478
7.9405	22.4812	92.6382
5.5013	9.9554	131.5749
20.2237	12.1998	54.6628
3.9952	23.689	101.2572
10.7975	13.7471	102.2707
19.4236	12.7398	59.2003
-0.4932	21.1431	127.6444
5.1676	13.7231	129.2128
4.1522	21.3874	112.4361
4.1681	18.5117	122.3489
-4.5968	23.5938	121.7556
18.887	17.0805	45.3131
-1.5526	20.6711	132.4044
4.9604	21.9802	107.0389
5.7359	19.1706	114.3945
5.9582	14.0441	124.9252
6.929	19.1075	109.8515
2.9248	25.207	77.3887
5.5057	23.2662	98.3238
14.4945	14.3056	84.2444
0.7894	23.4505	112.6037
3.9811	19.036	121.437
5.6488	15.3465	124.0655
3.376	24.963	91.784
14.2093	19.9586	71.6536
9.303	14.8496	108.2035
12.7298	12.9195	93.5226
3.1627	25.2914	81.0363
16.3665	13.6495	75.4193
10.8238	21.0512	86.016
8.6797	18.2261	104.8773
13.5929	21.3819	64.4354
21.946	8.7629	45.2499
18.3965	14.9556	62.0898
13.3397	15.3808	88.7077
8.0883	21.0749	98.549
15.0235	20.592	52.1798
11.6573	22.6784	63.3258
14.3936	13.3545	85.3842
5.0081	24.9914	80.5144
5.774	21.7721	104.946
6.3531	16.618	118.4074
12.2101	19.9029	83.695
3.9066	24.4359	95.7474
4.2041	15.8648	129.232
10.2831	23.242	71.0906
18.7473	16.8987	50.7295
19.8873	12.1805	56.8821
14.2678	20.9007	48.1834
-0.0098	21.4913	124.8099
11.7667	22.6219	63.0126
14.5273	19.0513	73.9663
15.9591	19.8494	54.1794
15.2924	20.3155	48.4581
5.4647	24.4431	88.8835
-2.8039	24.0721	115.9052
11.6962	20.9608	81.8136
2.9349	23.889	103.5012
15.6325	20.1464	52.1331
-1.5527	20.4999	133.1542
-2.496	25.2304	102.1664
9.5597	21.0243	92.2564
12.3398	18.7361	86.8922
11.0138	13.0075	101.672
15.7729	18.4771	68.3164
5.5629	13.6085	127.4906
12.3377	19.7108	83.75
6.5828	24.6015	78.1138
7.8682	22.9585	52.0891
5.8127	24.2077	63.2296
19.7069	12.9255	57.1458
3.3265	25.2324	86.2687
3.5794	19.2898	122.0769
9.0633	16.4884	106.8357
15.1038	18.0989	74.0048
-0.8438	24.9204	104.7702
17.9593	17.7779	52.8747
0.1805	25.4738	92.3141
10.5344	13.6132	103.6111
18.1266	13.5547	66.0175
0.7184	20.8384	125.6201
3.4016	21.4104	114.8972
14.3664	21.0281	58.7471
21.3436	12.0756	46.4035
21.2172	10.2199	49.7133
10.173	18.8115	96.8543
7.0681	15.1176	118.0833
9.0493	15.9956	107.7338
16.8124	18.9144	55.8631
9.5584	22.4954	84.5767
13.2121	21.2637	69.7887
19.5007	10.9833	59.9226
4.9469	21.2135	110.3157
8.9515	16.7352	106.8824
2.3104	23.744	106.4402
2.7574	15.974	134.9588
-1.2166	20.9421	130.3774
1.8918	17.2526	134.5935
2.6724	24.3172	101.1418
19.7648	14.8274	52.0782
2.7158	20.397	121.1623
20.107	14.1855	51.353
18.2763	13.7622	64.8996
9.5591	23.4892	74.2328
20.6164	9.9108	53.6135
12.6681	18.58	85.7028
15.4278	16.9945	75.2765
12.1805	13.7057	95.7556
-3.6117	24.4279	113.7545
13.2668	17.9396	84.3954
3.2501	18.3476	126.2574
11.7394	18.1452	91.3335
15.6273	19.537	63.1857
17.4942	17.9525	56.9672
11.1544	21.9076	79.38
4.8066	16.0761	126.186
10.0646	22.5758	50.8614
11.0008	13.3422	101.5648
15.7576	15.6892	76.1335
6.1562	20.7607	107.5224
12.4136	18.8876	86.0846
17.1931	12.0525	71.9997
11.3275	22.8301	61.5789
10.437	21.2121	87.2217
7.1356	24.0698	62.7737
5.7162	24.4432	66.0889
-0.271	20.6366	129.243
-2.8249	22.5643	125.8014
14.6854	20.3573	64.96
-2.9958	24.1896	115.2158
10.4004	23.2763	67.226
3.7545	25.1681	77.5809
20.1647	13.164	53.5504
17.8959	15.0269	65.1331
4.2588	25.0446	85.6204
9.3033	15.6238	107.1598
8.6886	18.4272	104.3445
11.6	14.279	98.0738
6.9648	16.9367	115.1142
21.645	9.6192	47.0875
5.569	18.3962	117.273
12.2183	12.6982	96.0276
0.0974	24.4979	106.8906
7.6148	14.2373	116.8281
16.2125	11.9664	76.9218
10.5453	18.7481	95.3409
15.8441	16.6514	73.7548
6.4422	13.8261	122.9394
20.1549	12.7988	54.2837
-3.0348	23.1779	122.5274
13.6025	21.4619	52.5094
-0.8166	24.3055	110.5245
1.4012	19.2156	129.7704
-6.0793	22.3833	131.3359
12.1601	21.2272	77.6084
-6.9314	23.216	125.9333
8.2201	23.4997	57.4534
4.8899	13.4139	131.0723
8.7411	23.8153	76.0154
15.2122	14.3095	80.6984
-1.4983	24.4543	110.6069
6.7704	23.4678	56.1679
4.4021	13.4662	133.3548
12.9842	20.4869	76.7405
20.6659	13.5494	48.4196
11.7464	14.6828	97.0164
16.871	19.0864	51.2734
-0.7303	23.9805	112.8014
16.5625	14.0479	74.0487
14.0847	21.1785	52.0122
14.3126	12.184	86.1093
4.0462	24.9171	72.1453
4.5556	24.3636	93.8412
5.55	10.65	130.902
15.5203	14.706	78.7373
6.777	24.4064	81.5087
12.6252	21.9131	67.8605
19.5287	11.8952	59.3321
-5.3234	23.1371	125.7218
11.723	22.3321	71.2883
7.8137	20.556	101.6417
14.3328	14.6761	84.6866
12.29	16.7271	91.6878
5.9987	24.4819	66.9926
-0.8933	25.3069	99.1945
6.3119	21.7107	103.1469
0.1033	21.8241	122.9751
5.4456	9.9049	131.932
11.7004	22.5477	57.2639
19.5714	12.9403	58.011
12.7968	14.1972	92.4899
15.2579	20.4131	51.1608
9.2544	18.8357	100.848
8.853	23.5559	79.2756
13.7093	21.006	45.8679
-0.9026	24.7524	106.6929
10.7192	22.2037	79.9321
3.5661	24.6936	94.44
-4.0802	23.903	118.8414
15.6986	19.3586	63.9135
11.6104	21.7636	77.5178
10.6056	22.2088	80.5885
6.5521	20.7931	105.8661
13.4541	21.6565	59.3046
3.9807	19.8191	118.8743
10.8673	22.8873	57.7088
-1.2047	23.0085	120.0197
13.9846	21.2938	59.3788
4.0455	24.9107	72.0382
3.4529	24.8319	93.2562
11.5193	17.3474	94.1241
9.0109	22.7318	50.8696
-0.1757	25.2082	99.5955
8.9976	22.3808	47.9829
0.9951	24.6627	103.1359
6.8149	24.0587	62.1859
5.5102	9.5939	131.6518
13.2528	21.6616	53.001
12.7552	21.8208	67.7671
4.5393	22.5003	106.0996
17.1984	14.4759	70.1183
9.8045	18.9555	98.1095
8.3601	20.5467	99.384
5.1376	10.0779	133.6926
-0.5116	25.4623	94.223
13.0526	19.3294	81.3494
21.0859	13.0341	46.1206
3.8413	24.9685	89.5619
11.4855	21.911	77.2404
18.5729	17.2252	49.8451
3.9697	15.837	130.2895
14.2037	20.4761	68.2478
11.4756	17.2452	94.5306
2.9102	25.0838	91.8664
16.8288	16.9595	66.9733
6.3807	14.6735	121.9506
-0.3468	19.825	132.7752
19.4388	11.3904	60.1396
9.0514	22.9605	83.956
7.5995	24.1694	79.4432
11.638	21.27	80.4924
7.4446	15.0767	116.4325
15.4016	19.8319	62.8149
12.1792	12.1512	96.3105
13.2115	14.9674	89.8009
-1.6197	23.5833	117.3609
-7.7335	22.51	131.3277
17.6806	18.3749	46.3541
14.1558	21.0273	49.4166
4.9735	24.42	91.4708
11.9596	13.1644	97.0933
12.2783	14.8867	94.3109
17.5285	17.6115	58.9229
-1.5072	25.3957	97.552
8.0309	23.9075	62.4193
0.8337	23.8714	109.7938
8.9008	18.0835	104.2648
12.6014	12.6721	94.2065
19.269	12.4282	60.461
12.8224	19.3567	82.4783
10.4641	12.5005	104.512
4.9684	24.4944	90.6798
14.9002	20.3659	62.5896
1.1075	25.0524	98.5627
16.1822	19.2692	59.8759
5.8297	11.221	128.9161
9.9437	21.7472	87.0377
16.5838	18.9474	58.4504
1.8316	21.1613	120.959
11.1628	16.7539	96.89
21.3635	10.1256	48.7739
-0.768	21.7175	125.708
-5.8113	22.6737	129.2567
9.1456	21.2554	93.1765
16.3111	16.8119	70.6401
9.3787	15.3253	107.2394
16.8214	16.2816	68.9235
7.4678	24.0198	82.7584
6.0174	24.4561	85.7358
1.1573	24.43	104.7537
13.6227	18.8892	79.7865
7.1421	20.6303	104.1165
12.3989	20.3006	81.0445
6.0056	23.0822	97.4503
6.9544	12.8555	121.5908
-1.0786	21.4918	127.5318
15.0501	13.0837	82.3244
12.6445	20.9949	75.9687
8.8991	19.8258	99.5076
10.3163	13.5901	104.6631
17.5126	17.3977	60.233
11.6347	14.6483	97.5739
10.6308	20.0713	90.905
7.5236	12.0112	119.377
-0.053	22.9381	117.7235
2.0378	25.3913	82.6101
-4.3324	21.6501	133.3438
9.3406	19.0831	99.7987
11.6363	22.624	58.6509
12.453	21.6766	72.1975
5.6117	19.5094	113.8369
14.4167	16.5231	81.6488
8.2586	22.3732	47.6917
17.614	18.4354	47.1699
2.8548	20.7475	119.366
5.3922	16.4746	122.802
-1.0748	24.2562	111.4473
6.3381	16.7062	118.2811
5.7406	24.8359	78.6247
21.0155	12.0773	49.1173
5.2798	22.9878	100.8315
8.4578	20.9051	97.6344
9.6884	21.9371	45.0412
8.5672	14.9235	111.505
4.1181	20.8387	114.7214
13.0287	21.2528	71.3927
-1.1246	20.7425	131.0283
1.6599	20.4796	124.2386
6.4482	12.1673	124.8181
10.5501	21.7723	83.7225
3.6608	24.7439	93.4869
16.5972	19.2299	54.5364
16.3226	18.8711	61.7876
10.4107	15.7199	101.9713
7.2494	21.4352	100.576
14.6406	14.4668	83.3819
4.4626	24.5197	92.6546
6.8586	24.276	83.1402
13.7602	20.7485	69.7063
20.7686	13.508	47.5819
11.5101	12.6836	99.4169
19.9958	14.4107	51.559
6.287	22.9967	96.8131
16.4168	18.5447	63.1033
8.0871	24.1599	68.9372
4.3768	23.9744	97.8404
13.5011	16.1454	86.851
4.4291	25.1119	79.6272
-6.3648	21.9735	134.0826
0.2343	22.5494	119.0693
8.3051	11.514	115.5591
16.0989	14.1267	76.3807
8.382	23.1542	86.0901
2.5336	22.9848	110.2553
3.9678	25.1824	82.4645
6.1983	24.0767	89.2021
10.9842	22.9581	68.2203
0.3942	24.3965	107.0225
4.5475	24.2242	95.1486
16.7557	16.4625	68.8658
2.1721	23.1187	110.6206
14.9149	20.5958	49.5567
16.1116	19.693	54.7397
2.3929	22.9926	110.6453
5.1254	15.3062	126.4688
9.4681	14.5326	107.8053
11.6814	22.667	62.6885
18.188	13.9743	65.1358
1.0462	25.0032	99.3593
3.1386	20.8791	117.913
7.1818	14.3138	118.7617
11.2809	22.8255	60.3374
-2.4665	25.241	101.9247
1.1286	23.7332	109.9202
11.1359	14.2209	100.3041
-0.9376	19.6899	134.9533
17.3073	18.3397	55.7285
4.5746	16.2676	126.7188
8.4443	14.3846	112.7548
7.4052	24.0473	62.9687
-1.2864	20.5216	132.3961
19.5737	14.6879	54.2288
2.5069	17.5601	131.3909
13.3139	14.7988	89.4877
13.1897	17.4237	85.9857
12.8176	13.4743	92.8661
10.3401	13.8644	104.3445
17.8525	17.2972	57.7775
-1.3313	21.8052	126.6391
4.8399	24.7688	70.2089
13.6259	21.1764	66.8607
5.2697	24.9488	77.6057
0.4113	25.3561	95.4563
8.074	13.9679	114.9796
13.767	15.2535	86.8015
1.5647	20.4111	124.8016
11.2363	19.282	90.6249
14.9676	13.9665	82.2008
-4.6461	22.0936	131.4046
-0.4749	25.0795	102.084
-0.836	23.7228	114.8093
15.9267	17.8847	69.676
6.539	10.6772	125.2878
9.6439	21.1974	91.1275
5.3969	23.9724	93.778
12.8533	21.3219	45.6565
6.5352	19.6771	109.7169
15.0971	17.4809	75.8808
13.5334	16.39	86.2934
-3.5807	23.9622	117.8114
19.8615	14.2916	53.1054
1.5427	19.8121	127.1473
10.6114	22.821	55.2313
11.7348	17.2104	93.3935
6.5565	13.5345	122.7773
19.1743	14.2527	58.3818
6.349	22.3628	99.9855
-4.1546	22.0848	130.7234
17.9918	11.6628	67.9621
2.6926	25.3529	82.7969
4.7572	24.7651	70.0743
8.596	22.8836	51.8392
10.2582	22.8284	54.075
5.4851	10.007	131.6491
9.9012	21.166	90.0481
0.6169	24.3928	106.4924
9.926	23.4841	68.2038
8.7396	23.1895	83.8241
4.0241	22.9443	105.6052
0.0022	20.92	127.2929
18.7144	16.152	55.8768
5.7911	23.3492	96.662
7.0897	24.4652	70.978
18.2419	17.8005	46.1866
9.4312	23.6896	69.069
17.6144	18.4244	48.0158
12.3274	22.2749	57.5715
13.9336	21.2355	62.1502
13.9911	20.972	65.4599
16.5889	16.5776	69.5827
10.5647	12.9565	103.8473
7.888	20.8863	100.1201
8.3846	23.829	78.9433
7.0844	21.3813	101.4687
11.0896	22.3311	76.4411
7.825	22.8166	91.1907
-4.277	21.9998	131.3799
4.6004	24.8285	88.0045
14.999	13.1006	82.5661
9.3329	22.74	84.0768
13.4213	21.4448	65.6082
3.4425	24.7024	94.8245
13.6626	17.4211	83.6291
11.0287	16.5894	97.7909
-1.5142	24.5579	109.7032
4.4951	25.076	77.1827
15.9079	19.5509	60.1204
4.8914	24.9876	75.5979
1.4126	24.6079	102.485
0.5267	24.0243	109.5274
7.0031	22.2779	97.7552
-3.1295	23.5541	120.2037
3.2271	25.2741	80.2727
14.046	14.4335	86.3126
-2.1869	22.5161	124.8401
-2.0066	24.5914	110.2031
14.8793	20.1641	64.8941
16.5855	18.119	64.0728
8.953	13.8683	110.909
11.3722	21.9748	47.7769
-6.6254	22.1938	132.951
4.8458	24.9714	74.7519
9.8985	19.3347	96.6181
15.1054	20.4736	57.6484
19.3861	16.3657	46.3019
-7.0382	22.6385	130.2592
13.9827	21.3103	54.8715
0.6666	20.4776	127.2489
14.3442	20.7834	63.8586
7.2864	23.6735	58.2939
-1.2202	22.4356	123.2003
1.7138	19.3738	128.1883
20.0393	13.113	54.5611
10.4218	23.2242	69.4261
-6.039	22.9758	127.3945
-1.2457	23.2072	118.943
16.9023	18.0916	61.653
16.3842	13.5483	75.4056
5.1306	21.9855	106.3962
6.7889	15.4381	118.8029
15.0498	19.5137	68.1791
8.1263	20.9875	98.7303
5.9412	11.0457	128.4272
14.8238	18.8231	73.0627
4.9608	11.2052	133.753
13.6855	21.3632	63.4768
-2.4606	23.6648	118.3634
11.5239	12.0649	99.4691
1.3035	25.3625	92.5503
21.2762	11.8911	47.3621
15.9139	19.8073	56.3767
-1.1321	23.6507	115.9217
11.7346	22.217	72.5903
12.0806	15.0389	95.0772
11.8507	12.5287	97.8266
8.881	15.4018	109.4038
1.2638	20.2858	126.2189
-0.5979	19.9851	132.8301
15.8521	16.3544	74.3674
19.9198	12.5927	56.1927
9.6286	22.7562	51.8749
16.3549	14.8624	74.1943
13.9391	14.9135	86.3566
5.5178	16.0018	123.3047
-1.5074	21.7912	127.1143
-5.2293	24.1731	117.1741
-1.6018	23.7115	116.471
17.2733	12.9962	71.1702
15.6298	20.1467	52.8362
11.4599	22.7774	62.5045
-0.7469	24.9194	104.5944
9.779	13.0037	107.6075
17.5257	14.0641	68.8218
8.6452	23.3149	83.2473
0.3395	21.4696	123.9639
4.3161	13.8733	133.0032
4.0014	23.8013	100.4717
9.6191	23.5977	65.5972
-2.1231	23.5528	118.5228
8.5409	23.8758	76.746
13.4163	16.418	86.818
3.0161	17.052	130.9569
-1.7433	25.2391	101.5841
18.0507	14.615	64.9545
21.2463	9.2597	49.7929
12.0319	18.4211	89.2488
9.2858	20.4541	95.698
7.7228	23.7307	59.3843
14.5237	13.4172	84.7223
10.2677	23.1335	73.4967
14.782	12.628	83.7802
17.4788	18.5631	47.656
13.0516	12.5368	92.0888
7.5055	19.7313	105.6491
18.0133	16.1346	61.5102
18.6012	11.7603	64.6799
12.4482	22.2549	60.5434
3.2383	19.1872	123.6288
10.2971	16.6859	100.9551
21.8049	10.3932	45.3516
12.55	16.3073	91.1632
6.9016	19.2075	109.673
18.3319	12.9587	65.4407
20.7732	13.2064	48.5185
3.752	24.9704	72.9473
13.4159	21.4228	49.8973
19.3711	14.7328	55.712
5.2859	10.9782	132.149
13.565	12.7423	89.5921
1.7697	25.4357	85.1178
6.7148	23.5952	57.2913
16.6	18.7785	59.788
7.9063	11.8697	117.4845
4.6547	13.0017	132.9153
21.2992	10.2854	49.12
11.1718	15.8687	98.2606
12.0185	15.3806	94.9701
17.8209	16.6845	60.9581
3.295	19.1803	123.4503
-0.6583	23.3793	116.6028
12.4402	15.4891	92.8524
12.1686	22.0529	51.581
15.1097	17.0254	76.9547
16.1875	19.6239	46.269
17.305	18.7236	46.1563
15.2492	16.3769	77.5947
6.3214	23.5385	93.1381
11.9631	20.4928	82.5716
-6.2612	23.0294	127.1445
5.9066	20.5171	109.3571
14.343	12.3601	85.9445
12.7444	17.7783	87.3756
17.1386	18.8668	49.5402
17.6373	16.4653	63.0978
3.3753	15.0758	134.6594
3.4514	25.263	83.0413
8.1995	21.9811	94.0939
0.7476	21.9801	120.4976
6.2267	16.1033	120.0252
6.1673	9.8856	127.6334
3.1489	25.1056	75.2765
6.3999	24.559	69.4755
12.9995	14.047	91.6411
9.0909	12.23	111.3457
1.6943	21.6367	119.3358
11.9919	14.1825	96.3077
-0.5747	24.6957	106.5912
5.6512	22.0405	104.2154
5.9519	21.9397	103.5287
15.9347	19.6269	58.9009
11.0678	21.9935	79.3086
13.2857	17.6261	85.0546
5.3488	23.6183	96.6428
6.8855	13.3508	121.3985
7.1279	23.0736	92.7425
-2.7683	21.4201	131.6601
8.8249	22.0782	90.7457
15.822	19.9858	49.9742
11.8352	18.216	90.7073
8.8825	23.271	82.2338
-2.3511	25.1209	104.1907
11.8434	22.039	49.9248
3.3268	19.7153	121.5386
3.6547	22.7066	108.1101
7.4058	15.5246	115.8859
1.5728	25.4301	83.9779
19.9983	13.9564	52.9653
-6.6314	22.9793	127.6774
1.6389	24.7166	100.7903
-0.2575	25.062	101.8587
1.5408	23.8134	108.2475
-0.0408	19.9059	131.5832
4.0487	25.116	76.68
1.414	24.7502	101.1144
16.0184	19.0102	63.5482
4.4574	24.7146	69.1734
12.0181	22.0379	72.1535
9.0066	15.1381	109.1978
3.4144	25.1578	76.5839
6.0862	21.1797	106.2012
9.831	14.7431	105.8826
5.9639	24.4028	86.7631
9.7023	22.0675	86.4966
11.3425	20.958	83.75
3.3612	25.1997	87.1311
5.3695	20.2674	112.2604
5.124	16.0076	124.9857
8.7473	23.9447	68.451
7.768	23.3788	87.5101
6.1532	9.7811	127.7323
3.5324	24.2587	98.6918
9.1526	17.7557	103.9187
8.1795	23.5252	83.9752
11.5319	22.5532	55.9043
3.0395	19.6285	122.835
13.1924	21.7333	63.4384
11.6241	22.2548	73.1011
3.4543	22.7603	108.5002
8.7207	23.3059	56.0883
13.7613	21.4219	53.9294
7.6868	19.1697	106.5775
6.1393	18.0941	115.8008
6.2112	11.3633	126.7243
-3.0997	24.6378	111.126
10.087	23.414	67.9676
2.3355	18.9774	127.4769
-2.0363	21.4446	129.9818
13.907	15.3299	86.0269
13.1907	14.0529	90.7265
-6.6503	23.3699	124.6561
12.9602	20.5214	76.7048
6.66	24.3943	82.5909
10.7279	20.8413	87.4387
7.5117	20.4549	103.2403
-4.9421	21.8379	133.2394
1.187	25.1687	96.6868
6.2767	22.3469	100.3508
3.5951	25.2051	78.4846
7.0303	10.7694	122.5356
8.0817	12.4439	116.2787
-5.6055	23.5177	123.1124
7.3396	21.2893	100.8068
-4.9463	24.2264	116.5671
15.5379	20.2186	52.8774
5.6565	19.4718	113.782
10.2419	15.6385	102.8585
19.1235	16.4164	49.9275
4.6075	12.3084	134.2419
7.7971	18.0324	109.1017
-2.8177	23.8183	117.8553
18.583	11.8325	64.7513
12.2149	21.7793	48.3015
14.1908	17.7951	79.987
15.6313	19.9167	59.1371
19.033	15.2303	56.8052
9.6822	23.1312	78.394
10.1094	23.4001	68.2972
20.6059	12.7676	50.9987
4.0662	14.4906	132.9125
0.8084	25.4797	89.658
8.0825	24.0281	64.8364
15.5131	20.2249	50.7433
2.2521	25.3261	89.5482
15.8621	19.8366	56.7695
12.696	20.46	78.6082
5.2865	20.4235	112.0241
14.9882	18.6446	72.7496
14.3679	20.8341	62.8726
6.1377	11.0429	127.3395
6.6406	15.4796	119.3934
15.7402	11.8628	79.2399
2.4845	18.1118	129.7704
19.4911	12.3278	59.2085
12.1729	21.6999	74.1394
7.0878	21.989	98.7989
19.3066	13.1912	59.3678
9.3947	16.1722	105.8936
4.9502	17.7945	121.3518
2.416	25.3461	87.9194
2.5258	24.8612	96.3929
4.8908	23.8498	96.7966
12.1772	21.7858	48.2356
-3.846	21.229	134.6732
11.0215	22.7405	72.3019
6.5717	11.6865	124.5599
19.5004	15.0199	53.6905
5.037	24.0255	94.8438
4.3799	24.732	90.5123
11.8456	22.1868	51.831
8.3815	22.7242	89.1252
11.0057	22.2191	49.315
19.1368	15.9634	52.8225
9.5212	12.0275	109.272
4.1707	21.8222	110.5327
18.4384	17.1309	52.7126
7.7341	21.7677	97.118
12.8786	21.8981	64.8035
16.4439	15.9898	71.7992
13.4376	20.5812	73.2604
6.7935	23.484	56.3108
8.1207	14.4995	114.1253
4.596	21.7638	109.2967
-5.1265	23.3628	123.9447
10.511	17.4408	98.5517
16.6257	15.0445	72.4667
9.4797	14.6027	107.6734
1.9533	17.0893	134.8682
7.469	13.2576	118.6464
6.6242	20.2211	107.5993
13.7641	15.1383	86.9526
6.5111	20.5495	106.9071
1.8444	18.4956	130.7756
2.5124	16.6346	134.0936
19.2866	11.7694	60.8318
3.8821	24.3556	96.5769
-7.2138	22.3281	132.4319
-1.8829	23.4372	118.8221
14.2056	13.388	86.2741
4.573	18.0337	122.1786
4.6798	24.7391	69.6129
4.8776	15.2283	127.7268
20.5016	9.8932	54.3002
7.8973	23.9239	81.1653
9.0579	23.0393	83.272
7.2282	17.0167	113.8177
-5.8363	23.6561	122.0879
2.3147	18.6025	128.7953
8.4802	22.2737	47.0051
4.222	25.0916	76.4328
11.7968	21.7657	76.2653
15.9023	13.3328	77.9902
9.0371	16.9962	106.0062
20.4832	12.8657	51.7486
14.5107	20.9481	57.5111
17.5061	11.3581	70.4973
17.824	17.4288	57.2529
-0.7215	23.7255	114.5401
-3.4511	22.6593	126.348
13.0421	16.0317	89.2433
12.5237	16.5074	90.96
7.2592	11.1317	121.1815
-0.3946	24.2277	110.2251
-1.9196	24.3799	111.9857
3.8456	23.4566	103.2678
5.1253	24.0939	93.9044
4.2008	24.691	91.8389
12.0786	13.7816	96.1896
11.3188	13.0539	100.1943
16.3289	12.184	76.3147
0.9987	25.0652	98.7028
9.5403	23.618	65.1605
15.4719	17.7862	72.8265
13.4056	13.3149	90.1442
16.2582	15.3719	73.9608
2.58	21.902	115.4355
9.9026	23.4567	63.7625
1.0382	24.6373	103.2568
3.8399	16.7734	128.4712
15.2388	17.3661	75.3919
12.4845	22.1646	64.8199
0.1737	25.2016	98.9061
5.1139	24.8663	84.1098
11.5901	22.0739	75.1639
-0.9811	24.8367	105.9622
7.894	24.1319	66.2455
5.4393	21.2517	108.3573
9.3716	22.3191	47.7467
14.3132	13.812	85.5051
12.9619	13.633	92.0916
6.3851	22.3094	100.1064
11.2321	22.3478	51.3942
14.3786	20.9048	61.5651
7.8246	19.8631	103.9242
15.5701	15.9191	76.7377
15.4792	19.6979	63.2516
8.5891	18.4361	104.7482
14.8787	18.4504	74.1394
1.8143	20.8111	122.445
17.3029	18.4773	54.2261
9.5039	23.6025	72.0931
11.5846	22.5158	55.5719
15.8795	13.7839	77.7952
6.8372	24.5646	75.1392
6.6007	18.7158	112.2768
17.5898	18.4451	48.2466
18.9526	16.6099	50.551
4.6093	25.0079	84.0905
10.2668	16.1084	102.051
18.7072	15.8071	57.3737
-3.5542	22.4439	127.7543
18.2739	17.0598	55.1022
7.7783	23.7591	83.9367
13.0253	21.1005	72.6315
-0.2842	25.2566	99.0242
1.8384	24.9191	98.0024
3.0869	25.2966	85.181
15.1883	20.3593	58.6482
13.2335	12.8313	91.1495
9.071	22.5691	49.5402
4.8202	15.2485	127.9383
15.6367	20.0235	46.7826
-5.7541	21.9021	133.8904
8.2746	24.0218	65.8005
8.0061	24.2071	70.717
15.8586	19.7613	58.1126
6.2388	22.9886	97.0576
20.1928	11.1007	55.8054
0.8188	25.4571	91.0945
1.629	19.5825	127.7131
8.2815	22.843	88.8423
-4.709	24.2321	116.4188
10.7302	16.3028	99.6312
12.1241	22.1262	70.132
12.9614	21.8957	55.3632
3.2111	25.2331	78.4599
17.2185	16.7374	65.0946
15.1935	19.6474	66.1905
7.5627	17.4193	111.5133
20.1413	12.9569	54.1107
5.702	24.8024	80.8824
3.0485	25.1014	90.96
5.8135	24.7775	73.0023
3.0765	24.7636	95.5277
4.6699	25.0305	82.7337
16.1419	16.2244	73.0215
14.6484	16.8982	79.7014
3.8616	14.0765	134.7253
-2.0664	23.6646	117.6685
18.5677	11.2254	64.9957
17.6327	17.2016	60.2001
0.9194	23.0232	114.7269
13.2971	17.9674	84.173
13.5806	21.3382	65.2704
1.3126	23.9962	107.6377
4.3046	14.439	131.932
8.4227	13.6235	113.6721
-0.4468	22.5005	121.0387
9.4502	23.2267	56.7502
8.0884	22.6538	49.7435
15.201	20.0074	63.1857
15.0436	12.5857	82.5249
15.9393	19.2887	62.2216
7.287	17.0559	113.4826
9.7072	18.6625	99.3181
9.1011	22.2401	88.5264
9.538	13.7573	108.231
21.3249	12.1175	46.4722
1.0079	21.1636	123.4118
15.822	16.9557	73.1396
16.6583	16.5306	69.2833
11.7984	21.8296	47.4665
9.7856	11.6619	108.0195
12.0733	16.0596	93.7918
14.418	20.9889	52.2787
13.1541	15.6446	89.257
12.4881	19.2446	84.5932
5.6559	10.3136	130.49
0.9659	21.992	119.8329
-2.6959	22.007	128.5618
13.1261	21.6971	52.4242
11.0121	22.4039	76.3175
8.2965	12.9858	114.834
16.6986	18.937	57.1513
2.9215	25.26	78.8472
7.795	21.2162	99.2192
-1.3022	21.8622	126.2931
2.629	22.1259	114.2572
20.6231	12.8551	50.6774
-4.9879	24.3773	114.9796
17.1123	16.5495	66.3801
21.0812	10.8996	50.1665
15.5287	19.1095	66.9047
15.2076	13.2126	81.4949
16.7452	16.5227	68.7724
6.1609	22.2783	101.1418
4.8505	17.4522	122.651
6.1909	13.725	124.288
12.6414	17.6326	88.2078
3.4877	25.2201	85.5243
13.1386	20.7317	74.3509
-4.5204	21.7224	133.2531
8.1464	22.8509	51.3091
-0.2416	20.1594	131.1354
10.992	22.9975	66.2098
9.3638	21.5887	90.6606
3.0846	22.959	108.6567
13.7141	21.3172	63.8943
5.7599	24.5602	67.8907
17.556	18.4154	50.4384
9.4461	22.0113	88.1062
10.2186	23.3561	67.7259
20.5187	11.4812	53.4597
5.9685	10.349	128.658
1.628	19.121	129.3638
1.3267	25.2058	95.665
4.4903	23.3581	101.5896
16.1061	19.6761	55.2835
9.3345	23.7241	69.7969
-0.8425	25.1187	102.2515
19.8676	12.1956	56.9919
5.6858	24.4838	87.2217
4.7207	23.2301	101.5181
3.1105	23.2119	107.1708
3.5132	23.6584	103.1277
3.2073	16.2002	132.5307
6.8464	23.6725	89.6937
10.5328	20.4125	90.1222
14.1858	13.789	86.1368
15.5892	20.1193	55.9565
11.1658	22.6581	72.1151
16.1374	13.0653	76.9602
6.1062	20.094	110.0465
10.7782	21.1705	85.6864
13.9186	21.1833	50.0264
10.7176	22.9043	57.0771
17.5556	16.6027	63.2104
16.1476	19.1453	61.3509
6.3795	23.9062	60.1946
8.0784	22.4766	92.0367
10.8075	22.8121	56.0059
1.7296	17.8513	133.2861
7.6064	24.2238	78.2154
16.5032	12.1735	75.4495
6.537	23.8592	59.7716
-0.3375	22.0487	123.041
7.4369	16.9325	113.1008
4.5426	12.6101	134.1128
11.3682	16.0944	97.0219
17.413	16.3024	65.1303
3.2275	15.9532	133.0938
14.1809	21.0603	50.389
9.8512	22.5061	82.8683
-5.9243	22.5651	130.0533
11.3836	18.2589	92.7261
16.446	19.4195	45.8487
-3.4328	22.4116	127.7323
9.1542	15.1223	108.5414
10.171	23.2807	61.1669
21.8075	9.085	46.1426
-3.3208	21.7113	131.281
15.6421	15.4898	77.0646
12.9407	14.2462	91.7675
5.7439	13.2514	127.1308
3.4792	22.9107	107.6267
14.4924	13.8586	84.6042
10.2418	15.6212	102.8832
16.8324	14.355	72.2771
10.1457	23.2884	71.7772
6.8325	14.1407	120.6459
5.2381	13.025	129.9654
8.1868	16.1753	111.2825
1.1553	22.4028	117.3197
8.1071	21.9944	94.4372
14.2473	20.9489	48.8536
21.1431	10.6425	49.9467
8.5384	23.2643	55.3714
10.532	18.7085	95.5057
2.0175	21.1653	120.3685
7.1187	12.1864	121.3408
8.1044	23.2511	54.7781
-3.4742	22.8237	125.4141
5.5051	21.7343	106.1188
9.7685	22.3223	48.1422
-1.4684	22.4719	123.5629
-2.2561	24.5725	110.7579
10.2016	12.994	105.575
11.7189	15.4313	96.3077
12.9155	21.7498	51.5947
8.9878	16.3388	107.4345
19.382	15.1055	54.3909
4.4043	24.7682	69.9287
13.7737	16.686	84.5822
18.006	14.0133	66.1493
4.7661	11.9024	133.9782
7.5183	14.1588	117.3829
9.2686	23.3172	79.218
19.6416	10.7912	59.1673
1.6202	23.1049	112.318
-1.83	24.7146	108.7034
7.9676	17.476	109.6593
15.3211	19.1305	68.3302
20.0647	15.3133	46.03
10.04	15.3133	104.2236
3.7765	24.5433	95.2063
14.1452	21.2007	54.303
11.9101	16.5906	93.7094
0.3126	23.3484	114.4522
5.3835	24.6744	69.2558
5.1575	14.9219	127.0924
17.2696	13.8468	70.4781
11.9467	22.1053	51.1992
3.4904	24.1786	99.4884
1.6651	24.9813	97.7964
3.0688	24.9075	93.8165
20.8364	12.37	49.9825
4.5657	15.125	129.3254
0.7884	21.713	121.621
16.522	16.3182	70.6236
13.9562	16.7038	83.6373
-0.7445	25.2155	100.6035
4.242	24.6521	92.1245
11.6667	16.149	95.5551
2.7414	18.6306	127.2022
6.3041	24.1839	87.5486
-6.7929	23.11	126.7463
13.5185	21.4127	50.5675
14.8929	20.238	64.0619
10.2218	22.3361	81.9509
16.592	14.3806	73.5351
-4.7256	24.2978	115.7678
10.0545	22.8121	53.3251
19.5361	11.3104	59.6123
8.3191	16.9762	109.1923
-5.9223	23.7319	121.4589
8.4993	20.6368	98.4639
10.4009	23.06	58.0494
12.444	18.0073	88.2957
7.3448	24.1666	81.4757
12.9996	20.3851	77.1744
9.0069	22.7984	85.4309
15.6391	17.0959	73.829
9.7721	12.7911	107.7531
7.6575	23.0202	52.5368
-6.093	22.4733	130.7811
15.2168	19.1575	68.9372
17.8914	14.4844	66.1301
17.7357	17.8147	55.3851
10.5139	18.7758	95.4096
2.488	20.9086	119.9263
14.3264	21.0722	53.446
19.6673	12.5018	57.9368
10.0895	19.3795	95.6293
13.084	21.3013	70.5193
15.4608	16.6685	75.8478
21.2185	11.3537	48.6805
20.0759	10.667	56.6843
13.4476	21.2373	47.3841
10.9872	16.3666	98.3512
7.5694	12.8646	118.52
-6.937	22.9543	127.9575
10.8843	22.8371	56.8656
8.9913	17.2606	105.6793
8.4684	17.1821	108.1239
5.9142	17.0054	119.3962
1.7651	17.8969	133.0142
13.9527	16.3371	84.3158
9.9461	23.1151	76.5976
7.6371	10.773	119.2286
18.2534	17.7732	46.821
10.0974	13.3826	105.8469
19.1873	11.8742	61.3454
-5.8919	22.0964	132.9043
3.2835	23.1858	106.756
19.0147	12.9252	61.4992
-3.4127	23.7523	119.2012
10.9472	18.8297	93.2782
15.2412	14.3688	80.4979
5.9283	11.6747	128.0015
9.0885	15.1404	108.8188
14.1194	21.0913	62.0705
4.4467	22.1801	107.9591
11.3415	22.3272	74.6063
2.3302	22.3118	114.3066
10.681	21.8473	82.5524
4.2018	24.3349	95.5332
4.9886	20.8773	111.4638
17.5358	12.4383	70.0963
2.0225	17.4535	133.4948
-3.8675	24.6455	111.6066
0.2476	20.3085	129.1469
4.4912	19.7981	117.1
-0.7616	25.4645	94.3576
6.5554	24.6317	73.3236
5.575	17.5443	119.4923
5.6094	24.6953	70.0633
15.1913	12.7755	81.7531
16.2139	15.125	74.5788
12.9082	21.7088	67.671
8.2476	24.0439	66.2262
15.9723	14.0321	77.1168
5.987	23.4345	95.2942
-0.3131	21.5133	125.5075
7.0072	23.3511	55.1846
7.9677	19.0768	105.6738
14.1861	16.9876	81.907
13.0894	20.4951	76.0428
8.7555	15.3582	110.0383
16.3385	17.9605	66.6163
5.7212	11.6451	129.1414
11.6445	22.511	69.3657
3.4294	20.1211	119.7588
8.2323	13.642	114.5676
5.0289	11.5382	133.0087
-1.6744	24.5907	109.673
6.6546	13.0831	122.8405
16.8761	18.0233	62.2518
14.2051	14.9066	85.0684
6.6245	23.2828	93.594
-3.3088	24.5579	112.167
12.0035	22.294	54.476
1.9241	23.6902	107.9453
4.1232	15.7832	129.7676
2.8111	20.3152	121.1513
14.2344	16.112	83.2885
13.9474	21.2577	52.0617
16.2919	19.1666	59.6452
20.9495	10.8353	51.1196
14.684	20.8472	54.4458
12.7025	12.8354	93.6792
17.3539	14.2213	69.5854
15.4716	20.2394	49.9413
20.3412	14.9295	45.0989
4.8836	24.9328	84.1235
18.4185	16.9725	54.1519
12.8399	14.6246	91.9158
6.9044	11.7643	122.7499
13.955	18.1353	80.3166
8.5257	24.0324	70.6951
9.3647	13.9378	108.8929
5.5478	24.6574	85.4227
3.1239	25.1655	76.5207
13.5351	16.9955	85.17
-6.1762	22.1791	132.6791
1.6907	22.9162	113.1475
9.6705	14.0399	107.3548
3.1112	25.1738	89.2048
10.4843	20.8411	88.639
13.2602	19.2219	80.6105
0.2697	25.4744	92.0421
13.4585	21.3082	48.4278
9.3657	22.6603	50.6114
20.0993	14.267	51.1415
16.5143	19.4297	49.933
3.9451	15.1378	132.0309
11.6575	22.5557	57.0222
11.7959	22.6064	61.8783
19.7233	12.7729	57.2474
18.8459	16.3531	53.5833
4.2146	19.7497	118.2673
-0.9259	25.2555	100.2272
5.5013	15.1546	125.0955
1.7321	17.8962	133.1323
20.291	10.8044	55.3467
11.1744	19.0673	91.5532
10.0303	21.3219	88.7187
2.9884	20.3374	120.4756
7.2447	24.3998	69.7584
11.4981	21.7793	78.1275
15.0216	20.4668	48.0186
10.1862	17.5564	99.774
16.4263	18.2551	64.6167
8.0411	22.5994	49.326
1.1534	24.9831	99.3016
7.9196	23.3276	55.3549
17.5916	17.8051	57.0441
18.2397	17.3775	53.0642
2.735	25.2467	78.2841
14.1875	18.2347	78.7757
7.6928	23.9232	61.7986
17.5766	18.4535	48.502
-5.8587	23.3748	124.3622
18.5444	17.4248	47.1589
10.4331	22.8345	76.1609
-1.1009	20.9644	129.9901
10.5255	21.35	86.1093
-6.3258	23.5912	122.7526
16.2828	13.3481	76.062
5.3151	10.6477	132.2533
4.7945	21.8898	108.0387
11.7858	16.8964	93.7506
5.9857	19.1513	113.4771
16.961	18.656	56.8464
15.8276	19.7582	58.6097
10.1356	23.0131	76.3697
10.8641	23.0697	65.0369
16.4779	18.922	59.854
15.4883	20.2168	49.4881
19.7727	11.4398	58.162
8.9368	12.5912	111.9417
4.54	24.6499	90.8199
13.1918	21.5978	66.0504
8.7848	23.2953	82.5964
18.9674	13.5116	61.057
5.2136	24.8805	82.9534
17.9145	16.9323	59.1398
13.5814	17.0355	84.8596
4.4502	19.7714	117.339
7.1283	24.1924	64.5755
15.1677	20.3797	48.0818
6.4741	22.4689	98.95
19.937	15.3628	47.4171
10.2519	16.3027	101.8093
18.4502	16.8006	54.9374
-2.8007	24.0622	115.9793
18.0144	14.9592	64.5315
15.1161	18.4969	72.5243
21.0587	11.2265	50.0044
3.4941	15.2393	133.753
-2.4885	25.1007	104.6191
12.0432	20.6222	81.5416
3.379	25.1392	88.5951
-5.7571	22.9189	127.584
4.2639	23.1334	103.721
16.1835	11.9679	77.0646
-0.4426	25.2749	99.0159
6.4583	14.1698	122.3708
2.4975	23.6281	106.6105
8.3136	17.3775	108.3848
-1.8301	20.9432	131.8496
10.5742	18.4759	95.9122
7.655	14.2029	116.6825
18.6328	16.5092	54.8248
4.5158	25.0955	80.4485
16.8678	12.6054	73.4774
21.3163	11.8737	47.0627
8.4442	23.1316	85.9363
1.1325	18.6316	132.7038
20.2988	12.5718	53.63
4.8081	12.4254	133.0279
18.2944	17.3141	52.9351
14.4541	20.6681	64.0371
3.3492	18.5414	125.296
12.3084	12.7028	95.5963
15.0985	20.269	61.4086
6.5005	24.6131	71.6784
13.0741	21.8563	56.0773
6.7915	16.6567	116.449
18.4858	11.9084	65.2512
10.6391	20.267	90.1607
11.0424	22.9617	61.8426
6.1662	18.7099	114.0347
8.5533	19.5374	101.8752
7.7761	18.4794	108.0772
13.5319	21.6126	57.522
6.0079	19.9286	110.9722
13.7077	13.4602	88.628
20.9134	13.5148	46.0904
12.9399	16.3717	89.1993
11.4421	22.4262	72.6644
15.1472	14.7973	80.5226
4.4075	24.1654	96.2033
19.322	14.2228	57.4094
7.9919	11.4449	117.2044
12.7331	16.9605	89.1499
4.5431	25.0699	82.242
14.5287	16.1556	81.7339
4.7604	22.258	106.4814
12.0161	16.7696	92.9019
13.1326	12.7952	91.6411
17.9949	13.7016	66.6025
19.7518	10.5461	58.5823
15.8928	19.7076	58.3955
1.4078	19.5798	128.4327
12.8079	17.1741	88.3726
-3.6877	23.4931	121.426
8.658	23.8135	63.1774
12.9397	21.4524	47.4967
3.845	25.0065	73.6477
9.8427	12.2144	107.6322
17.6245	12.3345	69.676
5.7682	9.3397	130.1082
7.1878	14.2328	118.8441
-1.5442	23.0232	120.6624
17.5286	11.4611	70.3792
9.2939	22.6726	50.6389
10.8072	15.0404	101.0155
3.7196	21.7928	112.2027
14.4871	20.615	64.2953
5.2377	22.2835	104.6246
8.3783	16.4602	109.9229
11.7952	21.0495	80.7973
-2.3286	20.5788	134.6457
9.2942	15.0718	107.9646
15.2428	13.1571	81.3494
10.9721	13.2915	101.7296
13.9427	12.693	87.7985
8.2422	17.9225	107.4729
15.9009	17.3192	71.6811
11.337	15.377	98.1535
-0.7255	25.4779	93.4787
-4.5582	24.5763	112.6257
11.9532	16.4637	93.7204
16.9108	11.6988	73.4802
13.941	19.3657	76.2104
9.3934	14.1556	108.5496
11.3453	22.4913	53.7536
14.0195	15.6817	85.0079
9.2023	15.3582	108.0003
6.7584	24.4701	80.3029
17.1384	18.0396	59.8787
21.2845	10.8189	48.8041
12.6789	14.9988	92.3003
9.888	22.3337	48.3784
8.9834	12.8385	111.5709
12.1071	14.0771	95.8463
2.4557	25.304	89.1856
-3.5242	24.2359	115.4547
10.1373	23.3389	70.4973
4.2541	15.7067	129.3886
0.3977	23.7353	111.8236
10.4207	22.9819	74.3976
10.6258	19.5674	92.6052
-2.9346	24.3656	113.6062
7.9654	15.0216	114.1336
9.8554	12.3086	107.5416
6.1421	24.645	81.4208
10.2351	15.1881	103.4848
7.4056	24.2361	79.7728
15.2486	20.3699	57.1732
7.4219	23.0371	52.6385
10.0605	13.5081	105.9375
-1.701	22.7945	122.2994
19.981	10.2644	57.3051
8.0271	23.7335	59.9254
-1.4869	20.682	132.1956
12.3542	22.2342	56.6321
11.3702	16.3117	96.6758
2.8968	16.8442	132.0061
6.6383	24.4641	81.4428
19.1772	10.8476	61.7492
5.0712	11.3275	133.0087
5.6152	9.7408	130.9679
9.2602	22.5667	85.6946
6.848	22.9687	94.624
-0.8448	21.1504	128.5151
14.8681	19.0465	71.8349
10.7161	22.8363	55.9345
6.2181	12.7282	125.4251
11.3124	16.4797	96.6703
12.7669	12.6909	93.4127
18.4647	17.3941	49.4935
0.8332	23.201	113.9578
12.0965	22.1417	70.1979
15.0887	15.2102	80.3139
-3.5425	24.864	108.6869
12.144	18.9051	87.3673
6.0338	24.7172	80.3441
1.5231	24.0978	106.3193
1.6219	23.3872	110.6893
9.832	22.4222	49.0761
17.8814	17.319	57.3765
11.7476	21.4254	78.9213
15.7745	13.2581	78.6714
4.4906	25.0988	78.9872
10.3928	15.5062	102.3476
7.7616	14.9577	115.1608
20.5023	10.4364	54.1931
8.0757	23.4883	84.92
20.5062	13.4712	50.0978
-3.1384	23.7692	118.693
4.5438	24.8206	70.8214
8.9636	17.495	105.3113
2.1192	20.2892	123.5162
9.1845	22.2433	88.0952
20.9964	12.2124	49.0184
14.0883	16.605	83.1594
15.8179	18.234	69.0471
11.9145	21.6338	76.4603
8.5841	23.7847	62.2793
9.1891	18.802	101.2215
10.2201	15.267	103.4545
14.4829	19.5061	72.2002
16.2842	14.9119	74.5047
4.5904	24.8034	88.4577
17.0425	13.7328	71.813
10.7556	22.9743	71.1153
20.1411	14.7625	48.6393
13.8979	19.0414	77.721
16.6919	18.9761	56.7859
7.1781	24.4145	69.7282
12.6402	21.9806	66.5641
3.6998	21.209	114.7159
11.5717	12.6799	99.123
13.3867	21.0965	69.8436
9.8636	18.0125	100.2107
13.1264	16.4475	88.1748
9.241	14.0075	109.4121
7.1494	22.7929	94.3658
13.2434	21.6745	63.952
-1.0646	24.2695	111.321
19.2772	11.2854	61.0982
2.1776	20.0076	124.3786
13.8101	21.4322	58.2472
6.7169	20.9702	104.556
8.9857	17.7124	104.7427
21.5504	10.1419	47.461
2.1487	25.4078	84.5053
8.2004	17.1256	109.4038
15.1367	20.0414	63.5125
14.8282	19.9226	67.2617
-1.8142	21.0716	131.2261
11.0774	22.5994	73.7054
3.12	22.6877	109.9641
-0.0504	19.2101	134.3051
11.7086	18.1846	91.3829
0.5724	25.1907	98.0766
8.4375	18.9582	104.0258
6.6706	20.0215	108.0799
10.1622	22.5771	51.0619
5.7221	24.2411	63.5784
5.1964	20.4466	112.2768
6.1526	19.948	110.3487
20.4474	13.8764	49.3342
14.6648	16.353	80.6929
3.564	17.1897	128.4437
14.8416	16.3837	79.7234
3.6779	19.9779	119.3989
21.206	10.673	49.4881
3.93	25.0724	75.1556
19.8004	12.1324	57.4781
14.9954	19.0583	70.945
2.3805	17.8072	131.097
13.8487	14.7464	86.9691
6.0018	14.0986	124.6341
12.6472	13.1807	93.8165
14.2263	21.083	60.3676
14.4641	14.0574	84.5959
14.8919	15.9312	80.2562
2.8259	22.2886	112.8701
8.6045	22.426	89.864
15.2195	14.5314	80.4457
1.6971	21.2369	121.0524
19.0852	15.8063	54.1162
15.9884	19.7965	55.0089
8.6782	22.0358	45.3571
3.9255	24.7615	92.1657
6.8909	12.6545	122.1044
14.6124	19.6512	70.566
20.0872	10.664	56.6184
6.555	22.3413	99.2686
9.7108	18.9454	98.5517
15.1629	19.3445	68.3164
1.1918	25.1319	97.2224
18.2233	17.521	51.8667
9.2994	21.3121	92.2262
6.333	24.3848	66.0092
14.1257	20.8545	46.3706
6.428	16.7146	117.88
-4.767	22.3528	130.0835
12.3485	18.4784	87.5623
4.2308	14.9233	131.2453
8.7991	15.6226	109.4478
-4.2333	23.8221	119.6407
12.2746	14.725	94.4922
3.0612	17.3307	129.9873
20.6579	13.017	50.0209
12.7946	14.0336	92.6244
9.6478	12.0953	108.6265
7.6388	14.7747	115.9903
6.9111	11.827	122.673
9.8694	18.1607	99.8399
14.4583	18.6118	76.0428
-4.6807	21.7427	133.385
1.971	25.3657	89.6498
7.83	12.7679	117.306
10.3464	15.7239	102.2597
18.7037	12.3636	63.7982
7.638	24.3277	73.2247
18.3743	17.1109	53.641
16.435	17.2201	68.6845
3.806	14.3568	134.3847
8.332	22.9662	87.7491
-3.088	22.122	128.7047
15.1461	18.9772	70.3133
13.9454	14.1491	87.0377
6.7207	12.6429	122.9751
4.2124	24.5435	93.4567
19.5715	14.5512	54.6738
8.326	24.0881	68.9482
7.4164	23.6942	58.6207
15.2156	13.7868	81.1104
9.5517	17.8218	102.0208
11.7659	16.621	94.3301
-6.2378	22.5796	130.2098
6.8468	14.8554	119.5143
14.1422	12.9412	86.7685
18.4644	16.2873	57.4369
18.785	15.9598	56.113
10.3467	13.1891	104.7729
7.7486	24.2784	70.2089
6.5337	16.9901	116.8281
16.4867	17.8835	65.8939
13.7078	21.4949	56.135
13.9319	19.7741	74.4443
5.0008	23.1663	100.8562
11.559	22.1219	49.8698
8.9114	12.4507	112.1395
20.9541	12.9684	47.5791
11.4294	17.3933	94.4482
7.0843	24.4412	69.9232
12.1268	18.7249	87.9688
-2.373	24.6472	110.1811
12.4938	21.5785	47.0957
11.4385	22.51	71.5905
-1.8616	22.5255	124.1205
12.6721	14.3565	92.9513
8.5271	14.5804	112.1313
16.5493	19.0882	57.3627
1.7955	25.4364	86.2494
16.1192	14.6671	75.6912
-0.8492	25.3893	97.2059
2.9346	25.112	91.2731
17.5756	17.9204	56.3327
-4.2407	22.6689	127.4934
9.9024	19.5091	96.0797
-3.5326	21.104	134.7089
-0.551	23.5901	115.04
9.4722	23.3245	58.173
13.071	21.6808	51.6112
6.6023	24.6222	73.4692
12.1721	21.5091	45.3516
12.5594	20.1088	80.9923
14.0668	21.1052	50.0237
8.0217	13.06	116.1222
-2.9367	22.2972	127.4824
21.6921	9.9581	46.5711
14.0788	14.137	86.4032
5.7353	15.4228	123.5327
14.0704	21.2569	54.9594
-0.1907	20.8517	128.1114
6.3566	19.3372	111.4638
-0.1816	22.63	119.7066
0.3265	23.7266	112.0598
15.4053	15.7999	77.8117
5.5271	24.3581	89.5509
12.2244	15.4974	93.8577
6.7911	18.3842	112.3949
6.8555	17.374	114.606
13.3426	21.3311	67.9099
5.2961	24.8267	83.7252
16.4842	19.0264	58.8267
8.0727	15.4116	113.0596
2.7137	25.2006	77.1772
12.8306	16.1012	90.1497
8.7352	21.354	94.5965
17.0111	17.5247	63.6059
-5.3661	21.9523	133.1515
5.3011	24.1254	92.8799
3.8474	23.0406	105.6848
5.2125	24.043	93.9703
17.4492	13.554	69.7914
9.3898	23.3703	77.6606
13.735	21.4504	54.4678
11.7866	22.2092	51.8584
10.6271	13.0759	103.4902
16.6984	11.6506	74.5404
18.2429	17.181	54.5996
13.6725	13.1698	88.9329
18.5605	15.8004	58.5575
0.8349	22.5537	117.4488
2.7977	24.709	97.1235
14.1072	14.4853	85.9693
-5.9662	21.9215	134.0057
0.4903	21.1367	125.0076
7.5852	23.6093	57.8791
11.1606	21.9088	79.3333
10.1478	23.3021	61.5294
17.3115	17.2282	62.6144
15.9428	15.0487	76.1252
17.0555	15.7895	68.6543
15.7657	16.382	74.7876
8.2641	11.5831	115.7514
4.7487	11.6369	134.4177
6.8815	20.4528	105.7865
12.9096	16.0167	89.8997
11.6375	22.6781	64.5618
6.4694	22.3142	99.7465
1.3113	20.5593	124.9966
16.7509	17.0473	67.2013
8.2024	16.9897	109.673
20.11	15.2457	45.9256
19.3243	15.2343	54.4018
6.3279	18.3879	114.2654
13.6138	13.0683	89.2543
18.5632	17.3996	47.2166
5.0681	18.5889	118.6876
12.4734	22.2397	60.1341
19.5654	13.4025	57.3463
12.532	21.4916	73.211
9.8305	23.4026	73.027
0.1344	22.2463	120.8602
18.8514	11.3603	63.4384
3.6985	25.0769	74.9744
10.0417	23.4312	68.2917
17.1261	18.8817	46.2333
4.9277	17.085	123.2745
9.023	23.1611	82.4096
3.5219	25.1516	87.4937
15.7976	14.2395	77.8144
2.8085	22.6932	110.931
4.3661	13.7969	132.9125
4.057	21.2112	113.4799
0.3138	22.6817	118.1739
4.6841	20.9904	112.134
4.2597	18.7673	121.2365
3.2493	17.8112	127.8751
13.2812	18.9547	81.4098
14.0156	20.5978	68.8328
7.4505	18.002	110.6316
-5.1747	23.7136	121.2859
7.8413	24.2355	74.8975
15.1866	19.8133	65.0232
-1.6707	23.9074	115.2377
1.2411	22.8593	114.7324
8.5918	22.9374	52.3089
4.9264	24.9321	83.8104
13.3418	20.617	73.6917
9.9665	16.7362	102.3559
8.6601	16.8928	107.8657
21.2499	12.6585	45.7279
-1.1942	25.0317	104.0423
4.1582	24.3725	95.3601
16.404	18.7588	61.8343
-1.8687	21.7112	128.3201
20.9479	11.9496	49.8561
14.0225	13.2845	87.2053
13.2751	21.3039	47.3072
9.7444	14.1031	106.9483
7.7999	12.5514	117.6191
2.6318	20.7587	120.0526
5.1822	18.6062	118.1959
19.3684	14.3109	56.8683
13.9191	15.7865	85.3513
8.8898	21.6746	92.4569
8.7738	22.4595	48.4773
15.9472	14.6887	76.5619
20.0999	13.8241	52.5066
7.4849	13.4866	118.3305
-3.4796	21.482	132.7395
7.3308	17.5169	112.2768
-6.1858	23.775	121.1019
12.8541	17.6631	87.1036
-1.9488	24.807	107.8959
10.1687	23.3594	63.8778
6.6622	23.9533	88.0869
15.6236	19.9549	45.2033
10.23	23.3579	66.218
13.6691	18.1064	81.9015
15.9589	19.8667	48.9937
12.7814	21.6127	48.741
7.5156	11.6809	119.5967
17.4273	15.9954	65.8747
1.9539	22.8339	112.8152
3.9727	20.2397	117.4378
3.3548	25.0902	75.0266
8.9697	23.7938	73.9032
-1.8196	21.7287	128.1251
8.6546	15.7909	109.8378
6.9758	18.4783	111.3924
1.1994	23.1119	113.4661
20.9783	11.3158	50.4796
14.8369	20.6105	59.7578
-1.7779	23.6159	117.4543
2.0052	20.3886	123.5025
20.9749	10.7084	51.0399
6.7928	24.5774	73.9691
3.6639	19.4901	121.1129
18.6492	15.837	57.728
1.6787	25.0799	96.456
18.9785	13.3947	61.1504
10.3094	17.2096	99.9251
15.8427	18.1525	69.2091
14.4222	17.2957	80.0008
-0.596	25.0976	102.0812
6.9278	24.5341	72.8539
15.7698	15.6269	76.1719
8.8393	23.0844	53.9486
7.9318	16.8726	111.0848
8.1668	14.9765	113.2739
18.186	16.4387	59.0877
8.4873	13.7688	113.2217
9.0433	22.4711	48.7217
1.4986	24.4962	103.2348
-0.4158	25.2737	98.9857
6.2382	19.877	110.247
11.9441	22.3817	55.7559
2.5639	18.2757	128.9683
14.8398	19.9442	67.0118
3.5017	23.9577	101.1199
10.7009	22.9751	58.3186
7.8231	24.1573	77.6414
19.9327	15.6164	45.2719
3.2425	25.2928	82.9644
9.5929	16.5461	104.3692
20.2946	10.6785	55.3742
-2.8486	22.0008	128.8914
7.3946	20.7725	102.5784
7.1511	24.2572	81.3933
11.1554	16.9968	96.4835
10.2956	23.1595	59.3239
8.8916	17.1675	106.3056
13.2824	20.3989	75.3479
18.5628	13.0831	64.0042
4.8029	14.7943	128.9464
15.4967	18.2216	71.1785
1.9582	23.1914	110.8486
10.767	14.832	101.4357
7.128	15.6847	116.8528
19.9748	10.5685	57.2996
14.023	17.0465	82.6156
9.4661	16.0549	105.7617
6.1843	12.4075	125.947
1.4286	25.384	91.4681
18.7343	15.516	58.184
1.4221	23.3128	111.6945
12.9483	19.5131	81.2423
17.0149	17.8435	62.065
12.2913	22.023	51.8282
17.6366	17.7193	57.1925
10.6131	22.3225	49.4551
11.81	21.8879	75.1914
4.7918	25.0444	79.7755
2.8955	24.3395	100.2217
-1.9725	23.3079	119.8109
9.3821	18.1351	102.0482
17.2715	18.7577	46.6343
20.8407	13.5403	46.7441
5.4351	18.9882	116.1029
10.4525	21.1223	87.5596
0.4323	25.4388	93.1106
12.9114	21.652	50.0044
5.6476	11.0681	130.045
7.0788	24.4518	70.2748
14.5714	20.9264	54.921
19.0907	12.954	61.0076
15.2485	17.1854	75.8039
-6.6705	22.1127	133.4866
-2.2413	25.1831	103.0288
-1.1321	25.2684	100.3014
6.6683	24.335	65.8554
11.8966	12.5154	97.6096
14.2231	20.7097	45.0577
12.3134	17.0605	90.9627
10.4091	22.6714	78.0314
5.4925	15.801	123.8375
9.2019	23.454	77.9984
14.2539	20.9325	62.878
13.9261	16.6746	83.8434
17.7059	12.81	68.9921
7.1546	17.8833	112.156
2.4267	24.7237	98.2386
9.3653	19.6409	98.0573
8.4767	15.0909	111.6918
12.1001	13.3445	96.3407
1.195	23.9494	108.2887
17.8122	17.0333	59.5161
0.9435	19.6314	129.7017
4.4582	25.0391	84.3158
17.2436	12.9564	71.3515
10.2048	22.1661	83.2061
9.2636	23.3727	78.5862
-1.6091	20.6817	132.495
-1.9602	25.2227	102.0867
12.7447	12.4303	93.572
5.2552	20.5776	111.5902
1.0525	22.1423	118.8771
9.893	22.5931	81.9756
11.5653	12.8421	99.1011
14.5744	16.5645	80.7616
3.1044	22.0125	113.2601
-1.5415	24.4053	111.1095
0.0676	22.8084	118.13
2.5893	18.1254	129.3501
4.0395	16.3815	128.6635
16.7313	15.4724	71.1675
8.2354	11.5174	115.9189
6.4855	11.0483	125.4196
12.2861	22.3122	64.0481
6.9528	21.9122	99.7053
-0.1203	19.609	132.9785
4.145	24.2208	96.7499
1.5918	23.7924	108.242
13.2532	17.4408	85.6342
5.8225	24.3253	64.6277
21.5762	10.5196	46.9611
13.1409	20.5976	75.1392
10.5505	22.7685	76.0016
8.4265	23.5854	81.8383
17.9083	17.8424	52.8939
11.2813	13.4657	100.1613
10.5803	23.1929	63.9767
8.8823	23.8529	73.2659
10.5603	13.9285	103.254
7.3867	23.564	87.9276
17.152	18.2689	58.1346
0.8445	25.4851	88.6061
0.899	19.9909	128.4739
17.1108	13.9623	71.2169
15.4708	17.7525	72.9391
7.9355	24.2278	73.1506
-6.9912	22.3985	131.8633
-6.2497	22.433	131.1629
5.703	9.2224	130.5202
12.2862	22.3216	63.6059
17.5014	17.0317	61.9936
18.3598	16.1916	58.6866
8.8117	21.4896	93.6599
5.6221	14.8257	125.1669
15.0227	20.5795	56.3163
9.4446	15.1188	107.212
18.4398	17.3839	50.0786
7.3538	12.5822	119.8357
5.6097	24.4474	66.0614
13.0807	21.3218	46.5848
6.1679	24.7296	77.9243
8.2148	11.633	115.9903
6.488	14.0851	122.3543
1.1481	22.2051	118.3058
1.7769	22.9853	112.524
13.5728	13.5769	89.2103
16.4505	14.9166	73.6065
2.6904	22.5699	111.9253
1.0351	25.3219	94.407
14.6497	12.8709	84.3487
18.004	17.5856	54.1574
16.9004	13.473	72.788
5.9953	10.1862	128.5646
-2.0958	23.497	118.8386
5.2901	24.2984	64.1415
7.309	11.0238	120.9481
3.055	21.6707	114.9356
11.4682	15.587	97.2745
9.7791	17.9925	100.631
2.3284	24.4225	101.3671
-3.5901	24.7512	110.1921
11.1754	16.5189	97.2361
7.2102	13.1609	120.0142
19.6217	14.1536	55.3797
17.3781	12.8225	70.7253
1.818	19.7887	126.3508
4.4902	23.3514	101.6308
9.3661	23.6252	73.3648
17.2474	18.2901	56.915
6.3831	24.6044	70.6072
-4.8602	23.5068	122.651
10.5596	23.1721	68.6982
13.7721	12.5996	88.6363
5.9448	21.8502	103.9544
2.0059	25.4153	84.2114
2.3817	24.2045	102.9629
1.0065	24.7746	102.0125
6.1815	16.6449	119.0803
11.023	22.1	78.806
9.7938	20.7302	92.3635
3.7343	24.3215	97.4284
17.6782	11.9854	69.5195
15.719	20.0396	48.8975
10.7355	23.1296	65.4544
5.7441	17.5534	118.7809
8.3443	23.0314	52.9516
13.7789	15.1847	86.8262
5.2199	24.8306	72.0684
17.9154	15.4874	63.9987
19.204	16.653	45.7828
-4.9844	24.2904	115.9189
6.6413	21.3149	103.5067
10.6022	22.0334	46.7881
8.7665	20.1698	98.9555
-4.7793	23.4651	122.8844
7.5772	16.1622	114.0017
19.3972	16.005	49.6446
4.2906	24.3518	95.0278
-0.7217	20.4	131.4513
19.7912	14.3883	53.3883
4.7786	15.2497	128.1196
15.071	20.5371	56.4893
10.9729	17.0415	97.2361
11.6853	18.3499	91.0836
2.3787	25.3792	86.3099
-1.5699	24.9769	105.3388
12.6967	19.1331	83.8873
3.7211	15.8747	131.2426
16.0539	18.9517	63.6306
11.2505	22.4612	73.8867
2.7574	25.1943	90.4656
8.2324	23.6473	59.2277
8.8231	22.9694	52.8225
-0.744	23.3707	116.85
15.9361	17.7555	70.0743
5.3033	24.4747	89.3092
17.8936	16.9571	59.1975
15.8633	16.1881	74.6475
9.1802	22.5824	49.7435
-4.8479	21.7499	133.5882
9.0296	21.808	91.166
9.3251	14.9337	107.9975
14.5385	16.2229	81.5691
2.344	25.3701	82.2063
15.1719	18.551	71.9668
6.3081	24.4704	83.7088
7.7983	14.8984	115.0784
12.3693	13.8069	94.7971
6.1603	14.8243	122.7114
20.5	12.7902	51.7705
17.3226	17.5823	60.8785
12.1661	16.1858	93.1655
20.7406	13.8286	46.6013
9.378	17.4099	103.6715
21.7927	10.3011	45.5411
5.2311	24.9278	75.238
14.593	13.2347	84.4778
18.9212	13.0197	61.9579
11.6073	21.9077	47.7219
11.4235	21.5216	80.2699
17.7806	16.6131	61.5377
7.5225	24.1109	81.0692
3.8926	25.1348	85.5573
4.9647	24.9694	75.2738
10.5001	22.8558	75.3781
3.7414	25.0063	89.3971
14.5548	20.9382	55.2808
-4.5301	23.4527	122.7252
4.9987	19.7984	115.2268
20.7763	10.063	52.611
-0.6538	22.5795	121.1238
8.0784	17.3267	109.5082
19.6788	14.9267	52.4682
11.5275	22.6406	68.2286
-0.4876	21.4099	126.4304
4.1112	20.1966	117.1
9.2071	21.371	92.391
8.2212	16.0004	111.4336
-0.724	25.4219	96.0633
4.1768	25.1343	83.0303
17.7272	14.4143	67.2013
13.3296	21.6825	62.1447
7.2433	12.998	120.0142
5.1474	22.5665	103.5699
13.4072	12.9717	90.276
4.384	23.1253	103.3419
17.8638	12.5675	68.2917
7.0179	15.4968	117.674
17.1654	18.7786	51.6744
16.2497	19.6517	50.6307
4.419	16.3893	127.0759
10.2269	22.6707	52.177
-1.6337	23.9453	114.8944
-6.6019	22.1712	133.0746
4.8653	24.8529	86.0572
6.9324	24.415	68.2533
16.1364	19.6646	54.877
15.47	16.9139	75.2353
16.0979	13.1441	77.1168
8.881	19.9818	99.0846
13.6103	21.158	47.2715
14.5812	16.6622	80.5364
15.6539	19.3768	64.1772
5.9058	17.2607	118.8304
-0.8225	23.0467	118.9457
3.7277	20.91	115.8008
13.402	21.5358	64.353
6.5939	24.1279	62.8066
8.1392	23.7003	59.7194
8.0214	18.4687	107.0746
0.413	23.9527	110.3185
6.5826	15.8595	118.9485
18.4363	12.1624	65.405
17.3642	18.1601	56.7145
-3.8425	21.3721	133.9508
-5.4741	22.4272	130.4817
-6.2568	22.2923	132.0528
6.1103	24.645	81.6927
3.6497	16.0067	131.2123
7.8075	23.0298	89.8888
4.7856	24.5012	91.4379
10.154	15.6976	103.1771
16.1673	17.8367	68.2807
6.6858	21.1214	104.0973
-1.5339	24.7502	107.8575
1.5526	25.4503	87.3371
14.2395	20.3479	68.9344
3.3383	24.0609	100.9221
1.217	24.2403	106.1078
1.8987	21.924	117.4323
8.3206	24.086	73.178
1.022	25.4765	86.7685
3.0737	22.5609	110.7524
7.2155	15.3004	117.1165
18.4466	17.5421	47.1369
16.5183	19.253	55.5609
10.6363	22.9041	56.6266
6.6009	10.3982	125.0241
2.1796	22.4319	114.183
7.0704	23.6288	88.9659
11.9782	22.5043	60.6093
5.5201	11.282	130.5724
12.1038	22.3129	67.3112
7.089	19.5796	107.808
14.6994	18.6171	74.6091
8.9609	19.2241	101.0485
12.2798	22.3386	62.7847
14.5544	12.962	84.7772
8.0868	22.8358	89.8338
7.499	18.2087	109.9202
13.6526	21.2963	65.0177
4.475	24.8456	88.3891
3.5543	25.2507	82.3025
4.8295	19.6299	116.4078
0.2265	23.6672	112.6943
17.9658	11.1795	68.1516
9.3928	23.4349	59.5903
8.1193	12.0621	116.3035
19.904	12.6932	56.1624
0.7999	24.9182	101.0347
7.5952	12.2584	118.8551
6.7808	10.0951	124.0463
6.8877	16.6414	116.0672
-0.6708	24.4349	109.1511
18.0028	14.0853	66.0697
5.6156	24.8686	76.0373
4.2266	23.2424	103.2238
-3.1305	22.1356	128.7101
-1.0948	21.7064	126.5567
0.955	24.4403	105.2152
13.4692	13.4622	89.7679
17.4666	18.5199	50.1994
17.7199	18.3346	46.7249
10.0183	11.5278	106.8659
11.0865	12.4421	101.5181
0.2827	25.4976	89.8586
-0.5344	25.3748	97.096
-3.006	22.6375	125.7135
7.6984	22.8414	91.6219
6.3337	21.8747	102.3421
8.4718	17.9012	106.539
3.7755	18.3812	124.2111
-0.1606	24.7218	105.4376
16.5147	13.6216	74.6777
2.2163	19.0014	127.8037
5.7176	16.1446	122.1401
11.9446	14.0119	96.662
9.5626	21.2052	91.4736
2.3486	19.8876	124.2551
16.1155	11.762	77.4107
3.908	21.0293	114.7159
5.1114	12.5093	131.3442
2.3453	21.508	117.902
8.9397	22.4061	48.1477
13.1391	21.7338	53.3746
12.803	21.9479	54.6133
7.3084	24.3268	78.6384
7.4318	22.2698	95.9946
2.471	17.8419	130.6603
12.0396	22.1475	52.2677
11.4777	17.1214	94.7613
9.2055	12.4364	110.692
2.7231	20.7068	119.9565
-0.3534	23.3383	116.1441
7.6622	19.8211	104.7262
12.2292	12.936	95.9012
7.0648	10.4428	122.4093
19.0923	13.4492	60.3621
11.9999	18.1236	90.1497
5.6355	21.5834	106.2726
1.929	25.3437	90.5535
10.7394	18.8978	94.05
1.7568	24.7527	100.0734
