5.5794	13.1131	15.7961
-0.296	21.7453	61.3083
20.2677	11.0953	5.2022
3.0293	21.5578	52.6179
-4.2928	23.8601	83.2048
9.5866	23.1543	57.4712
3.2913	16.9253	35.1134
2.3403	25.3589	81.9633
7.4575	24.1473	80.0543
9.2135	23.7542	66.5792
16.7439	17.3394	28.0874
3.4367	23.7163	62.9591
-1.7557	24.9604	83.5563
16.447	15.2865	16.3784
-0.8964	24.8391	79.906
10.1805	14.362	11.764
8.7217	12.5357	6.3475
5.9451	24.3694	86.053
13.7841	21.299	51.6401
15.803	15.1123	14.7221
11.3188	22.5357	55.3014
2.999	23.9694	65.2937
15.7893	14.4346	11.5882
10.081	23.4168	65.5959
-3.5403	23.0976	76.5468
5.9909	17.221	29.6695
7.7235	13.8449	13.4175
17.0431	18.9622	49.0417
14.7263	19.4251	36.7669
-0.3905	25.1703	82.2379
6.2587	14.9115	20.589
1.0144	19.6775	50.3381
16.3808	16.1784	20.7428
4.6582	23.7123	61.3715
8.2923	24.0418	67.0159
12.3363	12.2648	1.3623
14.994	15.3613	15.1259
17.6796	16.379	24.8766
15.1458	17.153	23.9811
13.1052	14.9951	12.8187
8.3743	15.4357	18.496
11.4701	22.5104	70.3476
11.8043	22.2278	53.3045
13.4742	20.6178	42.7052
17.3163	17.0012	27.6424
8.1527	18.6344	31.7542
19.2459	16.6188	36.7531
4.651	24.7658	71.0562
1.3219	25.2572	80.0983
9.2142	21.0611	42.3014
0.7645	19.8791	51.7005
3.824	23.4789	60.9018
-2.7311	24.5648	82.9328
7.6091	24.3346	73.5365
11.9791	12.6237	3.0488
0.525	23.1608	65.508
10.288	23.0179	57.8008
7.2511	24.4123	70.6854
4.1787	16.5229	31.3971
8.9615	18.8582	31.8448
9.19	22.8527	82.2132
1.2003	20.9253	54.2686
10.6409	22.3769	77.4368
17.1052	15.8348	20.3226
11.7837	15.9142	17.087
6.5252	11.7231	7.9489
2.2055	18.3245	42.631
9.2208	18.6655	30.7572
21.7232	10.9892	10.5417
14.4509	12.5809	2.6313
17.8668	12.5879	6.1278
7.3263	24.0965	64.6016
10.3893	23.2689	67.9168
21.2232	12.571	16.8123
11.4347	21.7797	47.9183
-1.118	21.7036	63.4178
8.8228	20.1899	38.0798
-5.0356	23.4014	83.1828
10.9255	20.3539	38.2528
-6.7746	22.107	83.6195
15.1477	15.5142	15.9581
5.6686	20.0887	41.4829
6.2647	15.6557	23.3082
6.5958	24.6055	77.4258
-4.8356	23.185	81.3343
5.8281	24.4622	67.6037
17.4987	18.0775	37.0992
12.653	11.994	0.1016
5.7358	10.0863	3.8673
-5.9558	23.7673	88.9315
-0.252	21.3412	59.6411
0.2841	22.6067	63.4397
1.865	25.4232	84.4078
3.3495	24.1346	65.9584
15.499	18.3505	31.3669
13.5211	21.5886	55.4689
10.7026	22.8677	72.512
6.7939	23.7064	60.13
10.597	14.9519	13.791
9.895	23.4995	66.4473
18.3054	16.7943	30.2518
1.8802	25.4099	87.9427
10.5496	21.7148	46.4187
20.9057	11.8327	11.0746
7.899	23.7246	82.2379
4.8143	16.9551	31.301
10.82	22.9763	59.9158
6.8049	14.2754	16.9909
10.9631	20.9836	41.9169
11.1408	22.4961	54.1231
3.7522	14.3546	25.5165
13.5784	21.5699	59.4736
-5.9072	22.9594	84.1139
-4.6738	23.9529	85.1796
-2.0337	22.8323	70.7047
6.9643	13.1702	12.4369
11.5759	19.5053	33.8032
-0.7465	24.5681	77.2033
4.1666	13.401	21.0971
9.4676	17.5359	25.6511
6.4634	23.8274	61.1765
9.7238	22.5846	52.2443
-3.0598	23.7851	78.6398
12.1371	22.3721	58.2156
5.0901	24.8983	82.9026
12.1061	17.3279	23.2615
8.811	17.4475	25.9944
6.329	11.6715	8.2894
4.4645	16.2385	29.6887
3.1724	23.4925	61.9868
10.9762	15.8445	17.2298
7.6446	24.1243	79.0738
-2.1865	24.4144	80.0571
-1.5048	21.2906	63.0113
10.0588	23.1096	74.7148
6.7271	17.9355	31.0154
5.9179	22.0948	50.3876
20.5755	12.6788	14.1453
16.3786	12.1846	2.2825
21.0419	13.275	20.3171
6.5825	12.6058	11.2064
0.0337	19.654	53.0326
-3.9073	22.4042	74.6626
10.6181	22.5836	53.6424
10.2736	23.1473	59.7317
14.4947	19.9322	39.9695
4.8307	24.884	73.1245
14.1154	19.9471	39.0851
2.5008	22.6429	58.6441
8.2544	22.8026	87.0446
-3.3505	24.8138	87.4099
0.7854	24.5407	73.4239
10.3159	23.2062	61.149
2.3416	23.4952	63.4562
17.1801	16.4471	23.8768
14.0135	20.8316	65.5684
-3.9369	21.7546	72.251
2.5456	22.3475	57.1416
-1.9753	22.6981	69.9356
15.7137	19.9197	46.3088
12.3491	21.3723	46.2923
7.9738	23.6396	82.6087
8.7274	21.4627	44.691
-4.1188	24.1167	84.2814
14.6081	18.521	30.7572
16.0415	17.0941	25.0468
12.2114	22.2803	65.8815
5.1745	24.9694	78.1893
18.9579	12.1241	6.2899
14.2272	12.1384	0.6812
15.2489	14.855	13.011
2.0538	21.6945	55.2959
8.7011	22.7677	52.9997
12.8732	21.8238	53.3677
16.8422	18.4601	36.7971
0.1923	24.7154	76.1431
16.0363	18.3864	32.9902
7.7081	23.1565	87.4428
8.6103	21.475	44.8091
18.4599	14.3008	15.5132
10.4885	22.0971	49.1543
17.6403	17.9559	36.83
12.0106	22.1649	53.3952
8.1533	18.1416	29.6887
13.5455	21.5768	60.2124
8.1368	10.8288	0.3983
12.4668	22.1312	55.8452
-5.5329	24.1355	89.8956
17.53	11.7705	1.9968
11.8794	21.8408	73.5502
2.3568	16.6023	36.7943
19.2571	14.9926	22.0447
11.1843	22.5548	55.002
13.2122	21.7737	56.0759
6.8371	20.7975	42.9112
3.2519	21.6831	52.714
-1.7864	22.4115	68.1558
15.8341	17.3796	26.2609
7.4537	20.2769	39.78
11.6202	22.6872	61.3633
5.4711	16.7005	28.873
5.8856	24.6831	71.2403
9.1664	12.4076	5.0868
13.259	21.7818	58.8171
11.7909	21.862	49.3466
11.5022	22.1638	73.5887
10.0049	22.8017	78.0383
13.6181	12.4684	1.9913
2.241	20.2182	49.0664
8.3597	11.8424	4.1722
7.4704	21.3643	44.9959
11.127	17.6241	24.8656
7.4154	18.8527	33.6384
6.409	9.9828	1.2717
13.5154	21.4175	51.4231
16.8406	12.8505	5.7158
9.2376	23.7629	69.7955
10.7463	22.7509	55.9056
14.9431	16.409	20.0287
8.3495	10.9767	0.585
7.2121	21.6494	46.7016
12.2094	17.3695	23.4428
8.6381	17.2006	25.1924
12.3299	15.0117	13.0137
15.6701	18.609	33.4901
8.0928	22.5562	51.467
10.6407	12.514	3.6229
15.3424	11.8622	0.0192
-0.3175	22.162	63.0497
8.1812	24.121	73.8578
6.5758	23.8384	61.2754
18.7092	15.7046	24.3107
12.3308	22.3156	62.0609
-3.5372	23.9455	81.153
17.5422	16.7096	26.5026
14.5704	14.9032	12.7775
20.1261	13.5857	17.293
-5.8103	23.5817	87.1462
7.1025	22.149	49.4977
6.9104	15.458	21.2125
6.3497	14.3025	18.1362
9.76	23.4089	61.7478
-0.9561	25.4038	87.9235
5.8363	13.1693	15.2852
3.7232	25.1625	85.3966
4.983	11.0189	10.072
2.0741	25.2332	78.8513
2.7679	24.2672	67.7767
7.5465	23.2339	56.3204
14.3326	16.0357	17.8011
-1.4955	24.2535	76.9204
2.62	24.7425	72.0396
-0.0133	22.9772	65.909
-4.9901	23.3576	82.7818
7.4821	23.1074	88.742
5.9919	22.3647	51.7417
20.6559	10.6462	4.4331
15.5843	12.49	2.8675
4.1698	22.2292	53.5737
3.5625	25.1357	76.8435
17.2449	15.9486	21.2427
2.0881	17.4017	40.0409
-0.3412	21.4329	60.2289
7.9494	23.1603	55.8013
19.4073	11.5434	4.7792
21.0208	13.3554	20.7456
9.1625	23.1403	80.2438
10.484	19.5423	34.0696
7.014	14.9003	18.8971
10.8473	17.0558	22.5007
19.8529	15.2606	27.2854
20.5922	11.6314	8.8223
5.5559	24.8689	75.3768
16.131	18.836	36.7449
1.1481	20.4973	52.8266
8.8289	23.9226	69.9219
6.3491	22.6026	52.725
10.4571	21.9399	47.9431
-3.5841	24.7902	88.0471
12.6927	22.0724	57.1361
17.9361	17.153	31.2131
-0.9386	24.7177	78.9309
-3.032	22.438	72.0066
4.1846	25.1115	83.647
12.989	21.8141	54.1725
15.9335	16.6601	22.5199
1.6244	21.6405	56.054
18.2969	17.3796	35.7424
16.0716	18.7122	35.5116
3.9338	24.6052	69.3616
12.9131	13.0453	4.4935
16.2254	17.6736	28.8235
1.1535	25.4085	83.5343
7.5009	15.9637	22.02
10.823	14.4492	11.5058
20.1701	13.9341	19.6002
6.18	24.6292	70.9574
6.3157	13.5297	15.3594
15.0089	18.9707	34.2976
6.229	13.2635	14.5903
10.8595	22.8606	71.2073
8.3498	19.0043	33.1111
12.8275	20.774	42.5211
9.8721	23.4852	64.846
17.1867	18.6021	40.9583
13.7269	16.7324	20.7511
9.3682	21.3642	43.9494
15.0564	20.3453	46.9103
19.5996	12.3307	8.9267
2.8388	21.9185	54.5872
-2.2938	23.7986	76.3738
16.6888	18.8674	40.0684
0.3117	19.2369	50.904
16.5251	17.2733	27.1123
-4.3073	22.3524	75.775
5.6984	19.6952	39.8047
4.5477	21.8316	51.0385
12.7318	16.3096	18.6169
12.42	21.7181	70.7404
7.3155	23.4183	87.5417
5.5698	23.5487	59.3966
18.4143	12.1063	5.0237
7.3994	24.4028	73.1272
12.6833	13.5316	6.6085
0.3562	24.7092	75.7256
5.258	24.7903	72.0066
4.5545	14.9164	24.9699
17.9246	12.1925	4.4798
-2.5609	22.1818	69.5154
2.3875	21.8715	55.3233
11.8738	22.0804	71.6523
6.7412	24.5404	71.2375
13.9194	21.3637	56.2709
17.4669	18.5757	47.4349
-4.6112	23.3348	81.3178
-0.32	22.4534	64.2967
14.3669	20.9106	50.0635
6.4292	23.7294	60.347
4.7474	16.688	30.5264
9.0238	18.3115	29.4031
8.7519	23.9242	72.3087
20.3071	12.9909	14.7111
4.8462	24.8017	86.1904
18.7109	17.1814	37.8408
14.5611	19.4874	36.8136
3.385	22.2787	55.1888
14.1379	17.2965	23.712
-5.1111	22.6768	79.906
5.9924	22.2393	51.0633
10.1403	16.8262	22.0283
11.1239	22.2443	51.4176
13.8564	15.3881	14.6507
7.0437	22.8523	53.7632
12.6464	22.1345	58.9462
-0.3498	23.8226	71.2101
10.6121	17.7859	25.8434
15.2878	20.3032	48.6187
16.7411	15.3594	17.1996
1.492	24.919	75.4839
1.3038	20.9788	54.2109
15.9065	18.6367	34.38
-1.2345	25.2662	85.9679
11.3879	22.7681	60.2976
15.3864	13.2256	5.8943
3.2341	25.2833	81.1448
17.9178	17.9169	38.9257
0.955	25.4409	84.7813
8.2381	15.0503	17.1969
16.9773	14.3818	12.8599
6.7992	24.3368	67.112
4.1879	15.1516	26.7965
12.9665	21.8836	55.5431
7.2003	21.5436	46.1632
1.6044	19.4648	48.0282
17.9743	16.222	24.8628
4.1957	15.136	26.7223
2.6019	19.4375	45.3694
14.8099	19.9296	40.9857
5.3844	24.9151	76.3106
11.3669	18.3986	28.3456
7.4395	11.2675	3.7931
14.3524	18.2194	28.7109
1.0835	20.1306	51.6977
15.346	18.1118	29.5926
17.5144	18.3776	41.2879
0.4525	24.6722	75.201
18.6934	17.0392	35.4787
13.3262	21.7321	57.1746
5.5403	10.9762	8.0093
6.6076	23.5458	89.8132
6.9963	10.7803	2.906
7.4995	24.2698	77.5631
11.1222	21.3664	44.4823
9.2548	13.0597	7.6247
19.5796	11.0915	3.2191
5.797	15.9613	25.4671
18.4765	16.3706	27.8704
6.9428	16.7479	26.0411
7.6401	20.1588	39.0301
5.5353	24.5511	68.565
3.9767	24.0482	64.5329
-2.2181	25.1628	87.6296
19.5357	10.8372	1.9968
5.0582	16.3178	28.4747
9.2168	22.1524	48.7945
11.7609	21.8578	49.2367
20.719	14.164	24.7557
11.9001	18.3343	27.983
8.3502	22.5432	87.9977
2.2114	25.3804	87.3385
3.6149	25.2083	79.0573
8.5352	17.0031	24.5222
-1.7549	24.9818	83.787
-4.6506	22.967	79.6258
5.0548	24.9821	80.1972
14.0077	18.5048	29.892
-1.2911	25.4209	89.6512
13.2799	19.1697	32.8748
1.8668	19.5633	47.6739
10.8463	17.9025	26.2416
12.2763	13.0494	4.705
16.328	17.3405	27.0492
8.4725	22.6527	52.1097
16.7427	17.3739	28.3016
1.2901	17.8419	43.7434
2.7476	16.602	35.6297
8.0748	20.1231	38.4094
18.6724	15.3319	21.8415
7.5791	11.2778	3.5075
2.8281	24.7871	72.2401
11.5699	22.7007	65.1784
1.1689	19.2259	48.421
7.4259	16.7637	25.2501
16.6997	18.1437	33.4819
7.3608	23.7152	60.3717
8.5887	23.834	76.3436
4.5247	23.988	63.5029
2.0314	19.7929	48.0529
-3.0357	24.4782	83.2322
8.1022	15.1702	17.8945
9.1487	20.8346	41.1203
6.8574	24.5365	72.0753
10.1918	14.5286	12.4369
10.9907	22.6417	72.8251
-1.844	20.2553	60.5832
-5.1299	22.8432	80.7245
7.7963	13.1421	10.5197
2.2026	19.9157	48.0612
2.3447	18.1	41.5213
6.7909	21.4396	46.0533
7.504	22.9905	54.5323
0.3544	25.3653	83.6964
1.788	18.5476	44.5042
6.4534	23.8204	61.1161
1.7033	23.1733	62.9508
7.201	23.8033	85.2016
20.8948	13.525	21.0889
-0.177	23.7414	70.3119
-5.6887	21.9142	78.8568
18.0171	15.7088	21.9211
2.2665	24.4668	70.1087
15.6026	15.425	15.9746
7.6441	23.5883	59.3362
10.1974	14.3711	11.7832
3.86	15.9016	30.1941
8.8843	20.8347	41.2522
5.7708	24.7565	81.153
18.8296	13.4659	12.2886
18.3828	16.5287	28.59
9.1134	18.2793	29.1751
-1.4946	21.1985	62.6542
16.2868	15.61	17.7242
9.5286	12.8016	6.169
9.8981	13.3736	8.0313
-0.0647	25.2062	81.944
3.1705	19.0621	42.6502
18.7609	14.7431	18.7405
2.2274	24.7827	72.9652
4.5167	16.7441	31.29
3.4668	24.7857	71.6248
5.5845	22.7905	54.579
20.0799	10.9125	3.8096
7.7061	21.9219	47.792
7.1708	24.1579	65.1729
-1.5085	25.337	88.2064
19.0228	14.6728	19.2212
15.618	14.1825	10.2918
5.9196	15.0887	22.0283
21.6506	11.0424	10.4456
-0.0504	20.7668	57.0016
9.6931	22.382	82.5455
15.7062	13.5562	7.5918
12.3833	22.2173	64.7142
11.5835	14.3903	10.7092
10.1023	22.5748	52.6179
5.7546	23.4653	58.6743
-3.5497	23.6673	79.5379
7.9984	16.3061	22.5199
0.3701	25.0096	78.5794
10.3372	22.724	54.4609
6.2408	14.0189	17.3534
18.9211	15.2563	22.3139
7.0018	22.2917	50.3848
17.897	12.0349	3.741
14.0536	20.0319	39.5685
9.3242	21.2016	43.0403
3.2941	25.1519	88.0636
8.4281	17.9133	28.3923
8.5496	22.4039	87.8109
6.2045	22.5058	52.3048
7.9386	14.6415	16.1147
8.7062	21.1685	43.0979
6.3665	23.8635	61.4978
19.519	14.5205	20.2347
10.0549	23.4029	64.1951
4.1338	16.4659	31.323
8.5715	22.5798	51.6099
18.1133	17.9405	43.5731
10.6107	12.5972	4.0019
9.2153	15.5005	17.5512
21.6762	8.9572	0.7416
-2.9572	23.3662	76.0359
15.0223	20.5944	52.4641
11.6629	13.2224	5.7543
9.8724	22.1984	49.3823
9.1372	23.6364	74.8988
13.9211	18.7454	31.1389
12.5044	22.1606	64.1127
9.1793	20.3142	38.4533
17.4166	16.3384	23.8685
5.8237	14.9861	21.8882
8.1564	14.7101	15.9993
15.2422	20.3072	58.103
14.2673	14.8001	12.1787
5.9258	24.0888	88.7887
6.4621	23.9856	87.2176
3.8517	23.7722	62.7421
13.2837	14.3278	9.9292
8.1744	23.2094	56.2792
-0.6497	24.8584	79.4473
-5.9582	22.5353	82.3423
13.0754	21.891	59.7043
13.5125	21.4508	63.6128
7.4385	20.3217	40.0024
18.5998	17.3823	39.953
6.6976	24.6041	74.4072
16.8219	12.801	5.4741
3.4335	25.131	87.7917
10.5326	22.703	75.5223
10.3913	22.3855	51.3791
15.8669	15.9747	18.9383
12.5534	17.8155	25.544
10.3015	17.7548	25.9011
5.9406	24.735	72.74
18.7815	17.0436	36.6021
4.9485	24.5988	88.2998
16.1018	19.3132	41.1615
11.7649	12.3448	1.9941
16.3738	17.1458	26.0109
14.1657	19.7975	38.1155
-5.4155	23.8207	87.1215
0.759	18.3568	46.8828
21.356	12.1997	15.3236
5.135	15.3952	25.0551
12.9564	20.9465	44.1279
18.777	16.2471	28.4747
-3.6777	24.4508	85.2263
11.9337	22.5078	64.4203
10.6829	21.0351	42.1174
3.3477	22.5416	56.5374
15.4926	20.1344	57.0867
13.0961	16.6555	20.2072
5.1995	19.9886	41.8839
6.495	10.0078	1.1151
1.8683	19.4813	47.3882
21.4177	10.1172	4.8561
20.5944	12.3808	12.6237
21.2197	11.4341	10.4044
-6.7171	23.1686	88.374
12.9976	17.7266	25.2199
5.3734	24.908	75.7393
20.3822	10.9354	4.8396
0.198	24.5747	74.9702
8.4983	21.4594	44.7761
-1.5048	23.9243	74.8494
3.0192	17.4153	37.4535
17.2291	18.3349	37.9507
17.7676	13.9316	12.1238
14.7839	14.7253	12.1018
-1.9664	24.5533	80.4636
12.9143	17.3387	23.3467
9.6173	19.8029	35.7039
8.1439	10.9065	0.7114
7.7537	21.9888	48.1408
12.4404	18.351	28.1204
-2.0838	23.623	74.7697
5.0847	9.4616	3.7327
13.0939	21.8314	55.9084
-3.8492	23.9236	82.0649
3.9466	20.5646	46.6164
9.3785	23.1237	79.1205
7.3665	14.2469	15.6862
10.2379	17.761	25.9725
6.653	24.4914	80.0681
2.4068	20.8284	50.9864
21.4616	10.6365	7.4984
-2.2485	21.5209	66.0628
14.5128	15.4437	15.1836
16.3095	19.5517	47.185
-5.1112	22.0474	77.3186
6.9381	18.9231	34.6272
9.669	20.5163	39.2526
6.6959	13.1668	13.0604
14.32	12.2474	1.1701
8.4172	23.2697	56.9549
6.9145	17.5048	29.0103
20.6104	10.0184	1.5079
16.147	12.9845	5.5016
18.3254	14.167	14.4942
3.4284	15.1733	29.1201
-0.3597	23.4684	69.2599
21.2042	12.0707	13.7498
1.3666	21.0334	54.2631
-1.428	22.3559	66.8978
15.7412	20.0288	49.4098
4.4216	16.069	29.2245
8.9471	23.7548	74.517
20.7083	13.9955	23.2835
8.5104	13.4049	10.2231
15.6277	18.7259	34.1878
5.7366	24.8458	76.6622
19.3354	12.7304	10.083
11.1613	22.1013	50.1733
4.1689	17.631	35.2178
15.561	18.6414	33.4214
-1.8342	24.9253	83.4245
15.0851	20.3824	59.2071
8.4429	23.9798	74.8109
5.3528	24.8003	83.2459
21.3693	11.8729	13.4999
-5.166	21.7251	76.3134
14.2083	18.3422	29.219
-1.7192	20.5008	60.976
15.7192	14.2165	10.5362
4.1857	24.9264	73.2948
18.1353	11.6691	2.5736
-3.3942	22.8132	74.7615
6.2674	24.3875	67.0241
3.8602	24.0675	64.8131
15.7799	19.8499	57.2213
4.9348	23.4355	59.2236
5.6205	24.8677	76.187
15.8478	12.8599	4.6776
14.8719	11.997	0.3214
7.034	13.8481	14.8677
9.8137	13.0279	6.7156
5.6991	11.208	8.3828
9.8094	20.0285	36.7174
8.2036	19.1132	33.7483
9.0935	21.3171	43.7489
7.1136	10.6105	1.8952
13.3855	19.9956	38.0193
5.4638	14.5919	21.3855
-0.9851	22.4552	66.0848
7.2472	23.2829	56.7049
9.3211	20.2306	37.9589
11.276	15.346	14.9254
-4.2814	23.2356	79.6725
3.349	23.3891	61.0886
2.4953	23.6366	64.0083
10.9242	15.9113	17.5484
2.1785	25.1455	77.3269
8.6685	23.7011	77.6785
3.9284	14.4266	25.1979
7.1565	24.3835	69.1555
14.7617	20.3284	44.7157
6.3985	19.3516	37.2311
7.7495	14.5898	16.2603
7.9667	13.9201	13.2444
13.6932	17.1207	22.5803
5.8995	16.9033	28.6807
4.4395	21.1052	47.9431
16.8528	18.7677	40.1233
4.1548	20.3199	45.2129
7.7275	14.3601	15.4115
15.8529	14.8669	13.6344
16.4686	17.1552	26.2774
1.3139	18.3343	45.1772
-0.7885	20.3873	57.8118
4.8586	24.8317	72.2044
8.0748	13.164	10.0583
-5.7374	23.124	84.3034
16.6541	19.2617	52.0548
21.3654	10.6423	7.1084
14.287	12.8203	3.6009
5.126	11.3761	10.8905
8.7542	23.8474	65.1399
-6.2607	22.1226	81.7463
7.3047	20.4991	40.972
3.8645	24.9238	73.2014
10.8902	13.1846	6.1855
14.0663	21.1554	61.0446
21.6496	11.4391	12.5907
12.2857	22.3254	59.1797
2.273	24.8858	73.9622
7.8246	22.7291	89.3381
20.5661	11.0347	5.9026
6.0669	15.2949	22.432
11.676	12.0206	0.6784
6.7051	10.962	4.4331
6.4169	24.6354	72.2785
11.1452	22.3519	74.4539
0.4581	22.3901	62.0417
-0.9627	20.2868	57.9986
15.3988	20.288	50.1871
14.2302	21.115	53.0958
10.2617	23.0767	73.5118
-0.2878	24.0027	72.1412
2.8862	24.9953	74.6049
12.7724	22.0366	57.3037
9.1373	23.6384	62.8684
19.9744	10.6293	2.2605
14.3204	20.8252	62.6844
15.4721	20.163	48.0941
14.3078	14.0706	8.9926
15.4233	15.504	16.1641
5.0073	24.2879	65.6673
16.6457	19.2516	45.7704
7.2374	23.5616	86.9072
-4.1391	24.7105	89.4067
17.3992	18.6418	47.0476
8.5647	16.738	23.4098
9.0577	23.837	69.0512
11.6815	15.8569	16.8838
9.7413	23.108	76.9836
6.7709	19.3347	36.5828
8.0172	21.0303	42.837
15.7087	16.3718	20.7099
3.7475	19.5151	42.9606
7.4505	22.1645	49.3356
12.2238	15.3361	14.4392
-0.2102	22.5191	64.2994
10.5425	21.759	46.7208
6.5307	24.0409	86.4129
19.3973	14.364	18.8174
10.6612	19.2772	32.721
11.3059	21.7394	47.3965
-4.5846	23.4296	81.7298
21.1292	12.5309	16.024
15.1162	20.3469	59.3005
12.4861	14.5419	10.9592
11.5696	22.2862	53.115
7.9809	16.6061	23.7312
11.9571	13.9078	8.4735
15.3208	17.4613	25.8599
1.1187	22.9866	63.2667
3.8569	17.6408	36.0198
6.3557	10.8296	4.8946
18.8092	15.7366	24.948
11.1835	22.6941	56.9988
-3.3441	24.9056	88.4289
4.0511	15.6313	28.7686
8.2612	14.1562	13.6399
18.6792	15.7819	24.6925
14.0629	16.3738	19.2294
6.471	14.2016	17.477
8.3165	23.1922	84.3364
13.7119	20.462	42.0542
19.4433	12.0075	6.9793
20.0744	14.579	23.4071
5.113	18.7187	37.0663
20.0102	11.4576	6.0646
0.2321	25.3823	84.3089
5.744	24.5026	68.0706
14.6203	20.5399	46.4324
13.979	21.3258	57.2213
-0.0189	23.3793	67.9415
2.5816	21.2893	52.4393
15.667	18.7884	34.7481
-0.6574	23.071	68.0102
0.285	25.4158	85.0093
8.2331	23.3562	83.5701
10.5276	11.9714	1.4612
-4.6872	24.2809	87.6269
6.6792	24.6071	75.5773
13.4072	21.1544	47.4239
15.267	20.3256	48.8275
5.472	17.8208	32.9655
2.5103	24.6633	71.4325
5.3923	21.4675	48.0035
8.1385	14.1437	13.8075
11.3729	22.7964	65.8376
5.398	24.8711	81.131
18.088	11.7123	2.6753
8.2572	23.2002	56.2435
2.979	17.0685	36.4428
12.1582	18.9927	31.2763
19.7302	13.2258	13.7828
8.3143	21.1559	43.2627
3.1171	23.6627	63.1129
7.7492	19.061	34.0696
-4.944	21.9871	76.5084
0.8239	24.0639	69.9576
-5.2074	24.0991	88.2696
8.8897	23.2254	81.0898
20.0307	14.5505	22.9456
9.9824	21.7393	46.2813
7.4881	18.152	30.6555
9.4319	23.5802	63.3326
3.1232	23.5628	62.4894
5.9211	23.692	60.2234
3.1635	25.299	83.831
15.468	17.7152	27.5079
12.2726	18.415	28.4033
-2.0682	24.0495	77.2225
0.5504	25.2224	80.8618
5.8193	19.4446	38.5769
16.842	17.6898	30.694
9.1944	23.0604	55.826
-4.7558	23.9308	85.3362
17.7544	13.1654	8.5311
4.7318	24.8992	85.2016
12.467	18.6479	29.6091
3.074	20.5913	48.5583
6.2345	17.8162	31.4411
0.2267	23.6735	68.9523
11.4635	22.7569	65.3404
0.6333	22.7087	63.058
12.6402	22.0011	54.7438
21.1993	9.6138	1.7606
9.9314	13.2255	7.3803
18.3346	17.7041	42.2794
14.774	20.7577	56.7791
15.6712	17.0343	24.091
-3.6214	24.8064	88.3712
2.9334	25.2855	86.5886
18.7688	13.145	10.5802
5.3758	24.7325	71.1414
6.1425	24.3259	66.1287
16.7963	12.811	5.4851
-3.8254	24.212	83.9189
8.6265	22.7978	53.2002
9.3362	19.9982	36.8108
4.6172	24.3104	66.0848
2.5067	25.3699	85.5806
21.6626	9.3189	2.2605
13.7448	20.7181	44.3504
6.5108	23.8818	87.8384
14.274	20.8212	47.9128
6.3697	10.8324	4.8643
11.2767	15.6212	16.09
5.8723	18.1795	33.5176
14.279	21.1267	55.6172
7.9908	13.4099	11.1927
8.3939	17.004	24.7172
6.1829	16.4559	26.4339
12.1572	20.661	40.7825
14.0865	21.1691	60.4321
5.6101	24.3709	66.4199
-0.0026	22.5555	63.9287
8.6021	23.0055	84.1798
6.6329	15.6137	22.3661
11.1414	22.2484	75.3026
14.9225	20.6309	57.0702
3.3784	21.7546	52.7827
5.9721	16.0084	25.2446
0.5713	25.3986	84.048
19.4446	13.9519	16.6695
17.2114	14.4528	13.585
3.0437	18.1609	39.8569
-5.8328	22.2876	80.8371
7.5805	16.8871	25.4753
-0.4297	24.1799	73.6244
13.9136	21.3217	59.9048
18.9044	13.4691	12.5028
-1.5743	25.243	86.6683
13.7768	13.4679	6.2651
10.6137	23.1355	68.6035
20.1425	14.5972	23.9647
11.9251	18.4567	28.5736
15.8653	14.8894	13.7526
9.6085	23.4397	61.5198
8.9937	19.3154	33.8609
17.7625	12.5232	5.6581
5.643	13.2167	15.9911
7.251	19.2856	35.6847
0.3557	25.4656	86.4953
9.7535	23.5462	65.7332
-4.1816	22.4086	75.5855
14.0623	19.3527	34.9458
10.9522	20.6573	39.9722
6.3021	20.7628	43.4495
-1.9241	22.5479	69.1336
11.107	22.6689	71.5589
5.7772	17.3633	30.6363
16.6749	19.2882	50.0085
6.8038	21.1783	44.7569
7.6587	13.9731	14.0437
15.6356	12.6796	3.7217
5.8325	16.9948	29.1586
16.4143	13.0109	5.9026
8.3164	24.1052	71.3034
17.7186	15.56	20.2676
2.843	25.1911	89.4012
18.3043	15.4627	21.3773
-3.1568	22.5669	72.9377
-1.0569	24.834	80.2878
0.8093	25.3455	82.4769
9.758	18.9524	31.6251
-1.5094	22.0497	65.8815
13.9921	12.5013	2.1726
16.9967	19.0094	48.0941
7.267	24.4216	71.2815
-3.1364	21.0579	67.2384
-5.0127	22.4001	78.3789
5.6754	24.5804	84.9049
6.8138	11.9188	7.9543
15.1299	20.5262	53.3869
4.4938	25.0724	77.3022
8.8504	12.9276	7.7236
3.7949	22.8342	57.2735
19.5025	11.61	5.3258
9.772	14.1781	11.4811
7.9405	22.4812	51.0166
5.5013	9.9554	4.1557
20.2237	12.1998	10.2863
3.9952	23.689	62.0005
10.7975	13.7471	8.6108
19.4236	12.7398	10.3797
-0.4932	21.1431	59.5779
5.1676	13.7231	19.136
4.1522	21.3874	49.6982
4.1681	18.5117	38.338
-4.5968	23.5938	82.6856
18.887	17.0805	39.2911
-1.5526	20.6711	61.0254
4.9604	21.9802	51.1045
5.7359	19.1706	37.6266
5.9582	14.0441	18.15
6.929	19.1075	35.4018
2.9248	25.207	88.7063
5.5057	23.2662	57.5536
14.4945	14.3056	10.094
0.7894	23.4505	66.4144
3.9811	19.036	40.6671
5.6488	15.3465	23.6048
3.376	24.963	73.8743
14.2093	19.9586	39.3982
9.303	14.8496	14.8073
12.7298	12.9195	4.0019
3.1627	25.2914	84.5039
16.3665	13.6495	8.674
10.8238	21.0512	42.2684
8.6797	18.2261	29.4058
13.5929	21.3819	51.4423
21.946	8.7629	1.0218
18.3965	14.9556	18.8037
13.3397	15.3808	14.5161
8.0883	21.0749	43.0073
15.0235	20.592	55.403
11.6573	22.6784	62.3246
14.3936	13.3545	5.9246
5.0081	24.9914	77.0275
5.774	21.7721	48.9319
6.3531	16.618	26.6866
12.2101	19.9029	36.212
3.9066	24.4359	67.7657
4.2041	15.8648	29.1201
10.2831	23.242	61.7286
18.7473	16.8987	34.3059
19.8873	12.1805	9.0777
14.2678	20.9007	62.3411
-0.0098	21.4913	59.556
11.7667	22.6219	62.0801
14.5273	19.0513	33.8417
15.9591	19.8494	48.5528
15.2924	20.3155	57.0922
5.4647	24.4431	67.2027
-2.8039	24.0721	79.5929
11.6962	20.9608	42.2849
2.9349	23.889	64.8543
15.6325	20.1464	52.2416
-1.5527	20.4999	60.4651
-2.496	25.2304	89.8599
9.5597	21.0243	42.002
12.3398	18.7361	30.0183
11.0138	13.0075	5.3368
15.7729	18.4771	32.8666
5.5629	13.6085	17.6226
12.3377	19.7108	35.2013
6.5828	24.6015	72.2703
7.8682	22.9585	87.8988
5.8127	24.2077	88.2696
19.7069	12.9255	12.165
3.3265	25.2324	79.1314
3.5794	19.2898	42.5074
9.0633	16.4884	21.7508
15.1038	18.0989	29.0899
-0.8438	24.9204	80.5542
17.9593	17.7779	37.4563
0.1805	25.4738	87.1764
10.5344	13.6132	8.3059
18.1266	13.5547	11.0636
0.7184	20.8384	55.186
3.4016	21.4104	51.2308
14.3664	21.0281	52.9145
21.3436	12.0756	14.5216
21.2172	10.2199	4.5293
10.173	18.8115	30.7242
7.0681	15.1176	19.6084
9.0493	15.9956	19.7678
16.8124	18.9144	41.7081
9.5584	22.4954	51.3901
13.2121	21.2637	47.8112
19.5007	10.9833	2.5434
4.9469	21.2135	47.542
8.9515	16.7352	22.8962
2.3104	23.744	64.9944
2.7574	15.974	33.6604
-1.2166	20.9421	60.9403
1.8918	17.2526	40.1645
2.6724	24.3172	68.3013
19.7648	14.8274	23.3988
2.7158	20.397	48.6132
20.107	14.1855	20.8884
18.2763	13.7622	12.3847
9.5591	23.4892	62.19
20.6164	9.9108	1.063
12.6681	18.58	29.3344
15.4278	16.9945	23.5252
12.1805	13.7057	7.5176
-3.6117	24.4279	84.8061
13.2668	17.9396	26.3735
3.2501	18.3476	39.964
11.7394	18.1452	27.0931
15.6273	19.537	40.8347
17.4942	17.9525	35.7753
11.1544	21.9076	48.5144
4.8066	16.0761	28.2549
10.0646	22.5758	79.3704
11.0008	13.3422	6.7458
15.7576	15.6892	17.4084
6.1562	20.7607	43.6445
12.4136	18.8876	30.8148
17.1931	12.0525	2.7165
11.3275	22.8301	65.4173
10.437	21.2121	43.1117
7.1356	24.0698	82.9987
5.7162	24.4432	86.3799
-0.271	20.6366	57.1636
-2.8249	22.5643	71.8967
14.6854	20.3573	44.6361
-2.9958	24.1896	80.9799
10.4004	23.2763	64.7664
3.7545	25.1681	85.0121
20.1647	13.164	15.0764
17.8959	15.0269	17.8561
4.2588	25.0446	75.6651
9.3033	15.6238	17.9385
8.6886	18.4272	30.2518
11.6	14.279	10.2313
6.9648	16.9367	26.7251
21.645	9.6192	3.5267
5.569	18.3962	34.9321
12.2183	12.6982	3.2466
0.0974	24.4979	74.6049
7.6148	14.2373	15.1534
16.2125	11.9664	1.1783
10.5453	18.7481	30.2463
15.8441	16.6514	22.3359
6.4422	13.8261	16.1504
20.1549	12.7988	13.0824
-3.0348	23.1779	75.3356
13.6025	21.4619	62.1873
-0.8166	24.3055	75.4537
1.4012	19.2156	47.7453
-6.0793	22.3833	82.139
12.1601	21.2272	44.7652
-6.9314	23.216	89.5303
8.2201	23.4997	82.4906
4.8899	13.4139	18.8751
8.7411	23.8153	64.3626
15.2122	14.3095	10.5307
-1.4983	24.4543	78.3541
6.7704	23.4678	89.621
4.4021	13.4662	20.5588
12.9842	20.4869	40.7193
20.6659	13.5494	19.8007
11.7464	14.6828	11.8519
16.871	19.0864	46.0836
-0.7303	23.9805	73.119
16.5625	14.0479	10.7147
14.0847	21.1785	60.2509
14.3126	12.184	0.8982
4.0462	24.9171	88.4426
4.5556	24.3636	66.6094
5.55	10.65	6.7211
15.5203	14.706	12.566
6.777	24.4064	68.2382
12.6252	21.9131	53.115
19.5287	11.8952	6.6936
-5.3234	23.1371	82.8394
11.723	22.3321	54.3236
7.8137	20.556	40.6973
14.3328	14.6761	11.6568
12.29	16.7271	20.5203
5.9987	24.4819	84.438
-0.8933	25.3069	85.6493
6.3119	21.7107	47.954
0.1033	21.8241	60.564
5.4456	9.9049	4.153
11.7004	22.5477	67.2933
19.5714	12.9403	11.8079
12.7968	14.1972	9.4156
15.2579	20.4131	55.0569
9.2544	18.8357	31.4823
8.853	23.5559	60.6354
13.7093	21.006	66.6369
-0.9026	24.7524	79.1369
10.7192	22.2037	50.3107
3.5661	24.6936	70.5509
-4.0802	23.903	82.7296
15.6986	19.3586	39.4668
11.6104	21.7636	48.0941
10.6056	22.2088	50.1898
6.5521	20.7931	43.2517
13.4541	21.6565	57.1224
3.9807	19.8191	43.6061
10.8673	22.8873	70.7239
-1.2047	23.0085	69.1775
13.9846	21.2938	54.3291
4.0455	24.9107	88.536
3.4529	24.8319	72.1659
11.5193	17.3474	23.4785
9.0109	22.7318	83.8859
-0.1757	25.2082	82.2324
8.9976	22.3808	85.8992
0.9951	24.6627	73.9952
6.8149	24.0587	84.8335
5.5102	9.5939	2.6643
13.2528	21.6616	63.4645
12.7552	21.8208	52.519
4.5393	22.5003	54.3565
17.1984	14.4759	13.6729
9.8045	18.9555	31.6086
8.3601	20.5467	40.1645
5.1376	10.0779	5.9575
-0.5116	25.4623	88.4207
13.0526	19.3294	33.5752
21.0859	13.0341	18.952
3.8413	24.9685	73.8743
11.4855	21.911	49.1214
18.5729	17.2252	36.624
3.9697	15.837	29.675
14.2037	20.4761	43.7214
11.4756	17.2452	23.0363
2.9102	25.0838	75.8464
16.8288	16.9595	25.989
6.3807	14.6735	19.4327
-0.3468	19.825	54.6916
19.4388	11.3904	4.1777
9.0514	22.9605	54.7685
7.5995	24.1694	66.4171
11.638	21.27	44.3367
7.4446	15.0767	18.713
15.4016	19.8319	42.7134
12.1792	12.1512	0.9503
13.2115	14.9674	12.6978
-1.6197	23.5833	73.2289
-7.7335	22.51	89.1897
17.6806	18.3749	45.8803
14.1558	21.0273	61.9456
4.9735	24.42	66.9692
11.9596	13.1644	5.3395
12.2783	14.8867	12.4946
17.5285	17.6115	32.9051
-1.5072	25.3957	89.7034
8.0309	23.9075	79.4363
0.8337	23.8714	68.7298
8.9008	18.0835	28.5571
12.6014	12.6721	2.9911
19.269	12.4282	8.468
12.8224	19.3567	33.545
10.4641	12.5005	3.7519
4.9684	24.4944	67.7548
14.9002	20.3659	46.0121
1.1075	25.0524	77.6208
16.1822	19.2692	41.1863
5.8297	11.221	8.023
9.9437	21.7472	46.3198
16.5838	18.9474	40.2414
1.8316	21.1613	53.6341
11.1628	16.7539	21.012
21.3635	10.1256	4.6748
-0.768	21.7175	62.4894
-5.8113	22.6737	82.4137
9.1456	21.2554	43.3891
16.3111	16.8119	23.9976
9.3787	15.3253	16.6338
16.8214	16.2816	22.1244
7.4678	24.0198	63.8243
6.0174	24.4561	67.6888
1.1573	24.43	71.8143
13.6227	18.8892	31.6279
7.1421	20.6303	41.7685
12.3989	20.3006	38.7335
6.0056	23.0822	55.9358
6.9544	12.8555	11.2503
-1.0786	21.4918	62.5086
15.0501	13.0837	5.0621
12.6445	20.9949	43.8533
8.8991	19.8258	36.2917
10.3163	13.5901	8.4378
17.5126	17.3977	31.1389
11.6347	14.6483	11.7667
10.6308	20.0713	36.7257
7.5236	12.0112	6.6112
-0.053	22.9381	65.8211
2.0378	25.3913	87.9016
-4.3324	21.6501	73.1904
9.3406	19.0831	32.5233
11.6363	22.624	66.4528
12.453	21.6766	49.407
5.6117	19.5094	39.2032
14.4167	16.5231	20.1495
8.2586	22.3732	89.2309
17.614	18.4354	45.537
2.8548	20.7475	49.657
5.3922	16.4746	28.2412
-1.0748	24.2562	75.7942
6.3381	16.7062	27.0464
5.7406	24.8359	75.5278
21.0155	12.0773	12.8599
5.2798	22.9878	56.0732
8.4578	20.9051	41.8757
9.6884	21.9371	84.861
8.5672	14.9235	16.1669
4.1181	20.8387	47.4075
13.0287	21.2528	47.0421
-1.1246	20.7425	59.9872
1.6599	20.4796	51.4588
6.4482	12.1673	9.877
10.5501	21.7723	46.8197
3.6608	24.7439	71.0205
16.5972	19.2299	44.463
16.3226	18.8711	37.9205
10.4107	15.7199	17.1502
7.2494	21.4352	45.5617
14.6406	14.4668	10.8741
4.4626	24.5197	68.1777
6.8586	24.276	66.3045
13.7602	20.7485	44.6855
20.7686	13.508	20.144
11.5101	12.6836	3.5899
19.9958	14.4107	21.792
6.287	22.9967	55.1695
16.4168	18.5447	35.5171
8.0871	24.1599	73.7645
4.3768	23.9744	63.5469
13.5011	16.1454	17.9632
4.4291	25.1119	80.3262
-6.3648	21.9735	81.5513
0.2343	22.5494	63.3052
8.3051	11.514	2.9225
16.0989	14.1267	10.517
8.382	23.1542	55.9249
2.5336	22.9848	60.303
3.9678	25.1824	79.7851
6.1983	24.0767	63.4645
10.9842	22.9581	61.0639
0.3942	24.3965	73.1767
4.5475	24.2242	65.3789
16.7557	16.4625	22.9759
2.1721	23.1187	61.7093
14.9149	20.5958	58.1167
16.1116	19.693	47.1328
2.3929	22.9926	60.6162
5.1254	15.3062	24.7694
9.4681	14.5326	13.3076
11.6814	22.667	62.7778
18.188	13.9743	13.217
1.0462	25.0032	77.1703
3.1386	20.8791	49.5636
7.1818	14.3138	16.3234
11.2809	22.8255	66.689
-2.4665	25.241	89.9451
1.1286	23.7332	67.2658
11.1359	14.2209	10.3027
-0.9376	19.6899	56.043
17.3073	18.3397	38.6044
4.5746	16.2676	29.5047
8.4443	14.3846	14.2305
7.4052	24.0473	81.6886
-1.2864	20.5216	59.7317
19.5737	14.6879	21.5174
2.5069	17.5601	39.3377
13.3139	14.7988	11.9672
13.1897	17.4237	23.8246
12.8176	13.4743	6.3338
10.3401	13.8644	9.5447
17.8525	17.2972	31.9575
-1.3313	21.8052	64.4148
4.8399	24.7688	86.7013
13.6259	21.1764	48.6984
5.2697	24.9488	78.4887
0.4113	25.3561	83.397
8.074	13.9679	13.2334
13.767	15.2535	14.0272
1.5647	20.4111	51.4478
11.2363	19.282	32.6469
14.9676	13.9665	8.8525
-4.6461	22.0936	75.8931
-0.4749	25.0795	81.3205
-0.836	23.7228	71.8775
15.9267	17.8847	29.4223
6.539	10.6772	3.7465
9.6439	21.1974	42.9579
5.3969	23.9724	62.7201
12.8533	21.3219	70.6827
6.5352	19.6771	38.3737
15.0971	17.4809	25.6484
13.5334	16.39	19.0893
-3.5807	23.9622	81.4029
19.8615	14.2916	20.35
1.5427	19.8121	49.3796
10.6114	22.821	73.7919
11.7348	17.2104	22.8001
6.5565	13.5345	14.7853
19.1743	14.2527	17.3864
6.349	22.3628	51.3599
-4.1546	22.0848	74.2067
17.9918	11.6628	2.2907
2.6926	25.3529	84.9516
4.7572	24.7651	87.1654
8.596	22.8836	84.9791
10.2582	22.8284	76.2117
5.4851	10.007	4.4194
9.9012	21.166	42.7628
0.6169	24.3928	72.6603
9.926	23.4841	66.0958
8.7396	23.1895	56.5126
4.0241	22.9443	57.5069
0.0022	20.92	57.4026
18.7144	16.152	27.4255
5.7911	23.3492	57.853
7.0897	24.4652	76.382
18.2419	17.8005	42.62
9.4312	23.6896	67.6009
17.6144	18.4244	44.7514
12.3274	22.2749	64.1209
13.9336	21.2355	51.912
13.9911	20.972	48.1491
16.5889	16.5776	23.2615
10.5647	12.9565	5.5483
7.888	20.8863	42.2272
8.3846	23.829	63.2173
7.0844	21.3813	45.4518
11.0896	22.3311	52.1894
7.825	22.8166	53.2661
-4.277	21.9998	74.2891
4.6004	24.8285	71.9517
14.999	13.1006	5.1061
9.3329	22.74	53.159
13.4213	21.4448	51.1649
3.4425	24.7024	70.7459
13.6626	17.4211	24.0196
11.0287	16.5894	20.3748
-1.5142	24.5579	79.1919
4.4951	25.076	82.1967
15.9079	19.5509	42.6475
4.8914	24.9876	81.8809
1.4126	24.6079	72.7345
0.5267	24.0243	70.3586
7.0031	22.2779	50.3052
-3.1295	23.5541	77.5631
3.2271	25.2741	84.9022
14.046	14.4335	10.4923
-2.1869	22.5161	69.7681
-2.0066	24.5914	80.8893
14.8793	20.1641	43.5292
16.5855	18.119	32.8694
8.953	13.8683	11.3575
11.3722	21.9748	75.8162
-6.6254	22.1938	83.4025
4.8458	24.9714	82.8092
9.8985	19.3347	33.3143
15.1054	20.4736	49.9646
19.3861	16.3657	34.7234
-7.0382	22.6385	86.9567
13.9827	21.3103	58.3804
0.6666	20.4776	54.0269
14.3442	20.7834	47.8634
7.2864	23.6735	85.8388
-1.2202	22.4356	66.6506
1.7138	19.3738	47.4294
20.0393	13.113	14.3074
10.4218	23.2242	62.6377
-6.039	22.9758	84.6934
-1.2457	23.2072	70.2515
16.9023	18.0916	33.9048
16.3842	13.5483	8.2427
5.1306	21.9855	50.8792
6.7889	15.4381	21.3855
15.0498	19.5137	38.3352
8.1263	20.9875	42.5349
5.9412	11.0457	6.9985
14.8238	18.8231	32.9545
4.9608	11.2052	10.8329
13.6855	21.3632	51.9175
-2.4606	23.6648	76.1129
11.5239	12.0649	0.9696
1.3035	25.3625	82.1775
21.2762	11.8911	13.1153
15.9139	19.8073	46.6384
-1.1321	23.6507	72.2593
11.7346	22.217	52.8953
12.0806	15.0389	13.2142
11.8507	12.5287	2.7192
8.881	15.4018	17.6061
1.2638	20.2858	51.7692
-0.5979	19.9851	55.9441
15.8521	16.3544	20.8197
19.9198	12.5927	11.1982
9.6286	22.7562	80.535
16.3549	14.8624	14.2195
13.9391	14.9135	12.5687
5.5178	16.0018	26.2581
-1.5074	21.7912	64.868
-5.2293	24.1731	88.9343
-1.6018	23.7115	73.8853
17.2733	12.9962	6.971
15.6298	20.1467	51.6263
11.4599	22.7774	63.9918
-0.7469	24.9194	80.2905
9.779	13.0037	6.6607
17.5257	14.0641	12.2941
8.6452	23.3149	57.5976
0.3395	21.4696	58.5507
4.3161	13.8733	22.1848
4.0014	23.8013	62.7448
9.6191	23.5977	69.801
-2.1231	23.5528	74.5033
8.5409	23.8758	64.6043
13.4163	16.418	19.1855
3.0161	17.052	36.2862
-1.7433	25.2391	87.1709
18.0507	14.615	16.0982
21.2463	9.2597	0.4038
12.0319	18.4211	28.406
9.2858	20.4541	39.096
7.7228	23.7307	83.1443
14.5237	13.4172	6.2432
10.2677	23.1335	59.4653
14.782	12.628	2.9664
17.4788	18.5631	45.894
13.0516	12.5368	2.3127
7.5055	19.7313	37.275
18.0133	16.1346	24.4508
18.6012	11.7603	3.8783
12.4482	22.2549	60.9897
3.2383	19.1872	42.9331
10.2971	16.6859	21.3031
21.8049	10.3932	7.9022
12.55	16.3073	18.6169
6.9016	19.2075	35.8577
18.3319	12.9587	8.7097
20.7732	13.2064	18.1994
3.752	24.9704	89.0112
13.4159	21.4228	65.0905
19.3711	14.7328	20.9104
5.2859	10.9782	8.869
13.565	12.7423	3.1532
1.7697	25.4357	86.8221
6.7148	23.5952	89.0222
16.6	18.7785	38.5247
7.9063	11.8697	5.2022
4.6547	13.0017	18.1857
21.2992	10.2854	5.1527
11.1718	15.8687	17.2051
12.0185	15.3806	14.7002
17.8209	16.6845	27.3074
3.295	19.1803	42.7738
-0.6583	23.3793	69.5566
12.4402	15.4891	15.0435
12.1686	22.0529	69.573
15.1097	17.0254	23.278
16.1875	19.6239	54.2247
17.305	18.7236	48.2314
15.2492	16.3769	20.1798
6.3214	23.5385	58.8748
11.9631	20.4928	39.5355
-6.2612	23.0294	85.8168
5.9066	20.5171	42.9331
14.343	12.3601	1.6562
12.7444	17.7783	25.4012
17.1386	18.8668	46.155
17.6373	16.4653	25.2748
3.3753	15.0758	28.9773
3.4514	25.263	81.4908
8.1995	21.9811	47.8689
0.7476	21.9801	59.5697
6.2267	16.1033	25.0386
6.1673	9.8856	1.6233
3.1489	25.1056	89.5798
6.3999	24.559	80.6531
12.9995	14.047	8.7426
9.0909	12.23	4.4743
1.6943	21.6367	55.8754
11.9919	14.1825	9.6161
-0.5747	24.6957	77.8048
5.6512	22.0405	50.4398
5.9519	21.9397	49.5471
15.9347	19.6269	43.845
11.0678	21.9935	49.0857
13.2857	17.6261	24.8381
5.3488	23.6183	60.0641
6.8855	13.3508	13.3103
7.1279	23.0736	55.2135
-2.7683	21.4201	67.307
8.8249	22.0782	48.2974
15.822	19.9858	53.1068
11.8352	18.216	27.42
8.8825	23.271	57.463
-2.3511	25.1209	87.4923
11.8434	22.039	72.2401
3.3268	19.7153	44.6525
3.6547	22.7066	56.8368
7.4058	15.5246	20.5039
1.5728	25.4301	88.6679
19.9983	13.9564	18.919
-6.6314	22.9793	87.0144
1.6389	24.7166	73.2728
-0.2575	25.062	80.5844
1.5408	23.8134	66.8923
-0.0408	19.9059	54.0599
4.0487	25.116	84.5424
1.414	24.7502	73.9732
16.0184	19.0102	37.7584
4.4574	24.7146	89.1897
12.0181	22.0379	51.8433
9.0066	15.1381	16.3729
3.4144	25.1578	87.3247
6.0862	21.1797	45.6661
9.831	14.7431	13.7168
5.9639	24.4028	66.9472
9.7023	22.0675	48.366
11.3425	20.958	41.9773
3.3612	25.1997	78.2003
5.3695	20.2674	42.7381
5.124	16.0076	27.225
8.7473	23.9447	71.2485
7.768	23.3788	57.5344
6.1532	9.7811	1.2333
3.5324	24.2587	66.6726
9.1526	17.7557	26.9008
8.1795	23.5252	59.1632
11.5319	22.5532	69.1501
3.0395	19.6285	44.9986
13.1924	21.7333	54.568
11.6241	22.2548	52.9392
3.4543	22.7603	57.4575
8.7207	23.3059	81.37
13.7613	21.4219	60.2646
7.6868	19.1697	34.6135
6.1393	18.0941	32.6853
6.2112	11.3633	7.427
-3.0997	24.6378	84.7923
10.087	23.414	65.5602
2.3355	18.9774	44.452
-2.0363	21.4446	65.1454
13.907	15.3299	14.4063
13.1907	14.0529	8.7509
-6.6503	23.3699	89.2639
12.9602	20.5214	40.9226
6.66	24.3943	67.7465
10.7279	20.8413	40.9803
7.5117	20.4549	40.5353
-4.9421	21.8379	75.9453
1.187	25.1687	78.9639
6.2767	22.3469	51.3434
3.5951	25.2051	84.9022
7.0303	10.7694	2.7714
8.0817	12.4439	7.1661
-5.6055	23.5177	85.9651
7.3396	21.2893	44.7377
-4.9463	24.2264	88.2147
15.5379	20.2186	52.085
5.6565	19.4718	38.9724
10.2419	15.6385	16.9662
19.1235	16.4164	32.3997
4.6075	12.3084	15.9581
7.7971	18.0324	29.7217
-2.8177	23.8183	78.0767
18.583	11.8325	4.1585
12.2149	21.7793	71.7292
14.1908	17.7951	26.2828
15.6313	19.9167	45.4216
19.033	15.2303	22.6023
9.6822	23.1312	57.4273
10.1094	23.4001	65.1564
20.6059	12.7676	14.7716
4.0662	14.4906	24.9837
0.8084	25.4797	86.8715
8.0825	24.0281	77.2472
15.5131	20.2249	54.0819
2.2521	25.3261	80.8042
15.8621	19.8366	46.5395
12.696	20.46	40.1041
5.2865	20.4235	43.5374
14.9882	18.6446	32.1525
14.3679	20.8341	48.778
6.1377	11.0429	6.3887
6.6406	15.4796	21.8497
15.7402	11.8628	0.3131
2.4845	18.1118	41.178
19.4911	12.3278	8.6026
12.1729	21.6999	48.7945
7.0878	21.989	48.6242
19.3066	13.1912	12.2556
9.3947	16.1722	20.0616
4.9502	17.7945	33.9872
2.416	25.3461	81.565
2.5258	24.8612	73.3772
4.8908	23.8498	62.1296
12.1772	21.7858	71.9434
-3.846	21.229	70.1196
11.0215	22.7405	56.8944
6.5717	11.6865	7.6797
19.5004	15.0199	23.3467
5.037	24.0255	63.3738
4.3799	24.732	70.5866
11.8456	22.1868	70.8447
8.3815	22.7242	52.6069
11.0057	22.2191	76.3628
19.1368	15.9634	28.3099
9.5212	12.0275	2.9719
4.1707	21.8222	51.6318
18.4384	17.1309	34.1768
7.7341	21.7677	46.9185
12.8786	21.8981	54.8619
16.4439	15.9898	19.8776
13.4376	20.5812	42.3234
6.7935	23.484	89.4177
8.1207	14.4995	15.2358
4.596	21.7638	50.6403
-5.1265	23.3628	83.3036
10.511	17.4408	24.3876
16.6257	15.0445	15.4747
9.4797	14.6027	13.5768
1.9533	17.0893	39.4861
7.469	13.2576	11.6514
6.6242	20.2211	40.5847
13.7641	15.1383	13.5163
6.5111	20.5495	42.1998
1.8444	18.4956	44.1801
2.5124	16.6346	36.4263
19.2866	11.7694	5.4878
3.8821	24.3556	67.0846
-7.2138	22.3281	86.2508
-1.8829	23.4372	73.1986
14.2056	13.388	6.0097
4.573	18.0337	35.6957
4.6798	24.7391	87.8796
4.8776	15.2283	25.1485
20.5016	9.8932	0.629
7.8973	23.9239	63.3546
9.0579	23.0393	55.4717
7.2282	17.0167	26.5712
-5.8363	23.6561	87.7148
2.3147	18.6025	43.249
8.4802	22.2737	88.7393
4.222	25.0916	84.0178
11.7968	21.7657	48.4869
15.9023	13.3328	6.787
9.0371	16.9962	23.863
20.4832	12.8657	14.7716
14.5107	20.9481	53.3155
17.5061	11.3581	0.1978
17.824	17.4288	32.916
-0.7215	23.7255	71.5946
-3.4511	22.6593	74.2644
13.0421	16.0317	17.3809
12.5237	16.5074	19.5123
7.2592	11.1317	3.675
-0.3946	24.2277	73.8551
-1.9196	24.3799	79.0133
3.8456	23.4566	60.7343
5.1253	24.0939	63.8847
4.2008	24.691	70.1416
12.0786	13.7816	7.8829
11.3188	13.0539	5.2846
16.3289	12.184	2.2275
0.9987	25.0652	77.9669
9.5403	23.618	70.5316
15.4719	17.7862	27.9199
13.4056	13.3149	5.5895
16.2582	15.3719	16.5212
2.58	21.902	55.0487
9.9026	23.4567	70.0894
1.0382	24.6373	73.6958
3.8399	16.7734	33.1303
15.2388	17.3661	25.2281
12.4845	22.1646	56.867
0.1737	25.2016	81.3453
5.1139	24.8663	73.2865
11.5901	22.0739	50.882
-0.9811	24.8367	80.1093
7.894	24.1319	76.8984
5.4393	21.2517	46.9323
9.3716	22.3191	84.4627
14.3132	13.812	7.8719
12.9619	13.633	6.982
6.3851	22.3094	51.0276
11.2321	22.3478	73.8963
14.3786	20.9048	50.0717
7.8246	19.8631	37.4865
15.5701	15.9191	18.301
15.4792	19.6979	41.7081
8.5891	18.4361	30.4001
14.8787	18.4504	30.7736
1.8143	20.8111	52.3185
17.3029	18.4773	40.354
9.5039	23.6025	64.489
11.5846	22.5158	69.172
15.8795	13.7839	8.7564
6.8372	24.5646	73.8304
6.6007	18.7158	34.3196
17.5898	18.4451	44.6828
18.9526	16.6099	32.9545
4.6093	25.0079	75.5278
10.2668	16.1084	18.8998
18.7072	15.8071	24.9782
-3.5542	22.4439	73.6821
18.2739	17.0598	32.32
7.7783	23.7591	61.1655
13.0253	21.1005	45.6139
-0.2842	25.2566	83.202
1.8384	24.9191	74.9345
3.0869	25.2966	81.142
15.1883	20.3593	48.5034
13.2335	12.8313	3.5405
9.071	22.5691	84.5424
4.8202	15.2485	25.371
15.6367	20.0235	56.661
-5.7541	21.9021	79.0463
8.2746	24.0218	75.6075
8.0061	24.2071	72.5724
15.8586	19.7613	45.1579
6.2388	22.9886	55.1558
20.1928	11.1007	4.9934
0.8188	25.4571	85.5477
1.629	19.5825	48.3633
8.2815	22.843	53.4529
-4.709	24.2321	87.3247
10.7302	16.3028	19.3448
12.1241	22.1262	53.4172
12.9614	21.8957	62.9426
3.2111	25.2331	86.5584
17.2185	16.7374	25.6951
15.1935	19.6474	39.9503
7.5627	17.4193	27.604
20.1413	12.9569	13.8652
5.702	24.8024	73.6491
3.0485	25.1014	76.0717
5.8135	24.7775	80.1669
3.0765	24.7636	71.7292
4.6699	25.0305	76.4974
16.1419	16.2244	20.589
14.6484	16.8982	22.1574
3.8616	14.0765	24.2778
-2.0664	23.6646	74.9483
18.5677	11.2254	1.4859
17.6327	17.2016	30.1886
0.9194	23.0232	63.9012
13.2971	17.9674	26.5273
13.5806	21.3382	50.6458
1.3126	23.9962	68.4964
4.3046	14.439	24.0965
8.4227	13.6235	11.2476
-0.4468	22.5005	64.835
9.4502	23.2267	77.7224
8.0884	22.6538	88.5827
15.201	20.0074	43.5292
15.0436	12.5857	2.9197
15.9393	19.2887	39.9667
7.287	17.0559	26.6234
9.7072	18.6625	30.3479
9.1011	22.2401	49.3603
9.538	13.7573	10.0665
21.3249	12.1175	14.6617
1.0079	21.1636	55.6584
15.822	16.9557	23.9097
16.6583	16.5306	23.1462
11.7984	21.8296	74.1545
9.7856	11.6619	1.063
12.0733	16.0596	17.6171
14.418	20.9889	58.3886
13.1541	15.6446	15.667
12.4881	19.2446	32.7238
5.6559	10.3136	5.0456
0.9659	21.992	59.0863
-2.6959	22.007	69.2434
13.1261	21.6971	64.5164
11.0121	22.4039	52.7387
8.2965	12.9858	8.9294
16.6986	18.937	40.994
2.9215	25.26	87.4511
7.795	21.2162	43.9604
-1.3022	21.8622	64.5521
2.629	22.1259	55.9496
20.6231	12.8551	15.3429
-4.9879	24.3773	89.6622
17.1123	16.5495	24.297
21.0812	10.8996	7.1688
15.5287	19.1095	36.7174
15.2076	13.2126	5.7158
16.7452	16.5227	23.2862
6.1609	22.2783	51.088
4.8505	17.4522	32.9792
6.1909	13.725	16.3948
12.6414	17.6326	24.687
3.4877	25.2201	79.1067
13.1386	20.7317	42.8233
-4.5204	21.7224	74.0831
8.1464	22.8509	87.2616
-0.2416	20.1594	55.4689
10.992	22.9975	62.8932
9.3638	21.5887	45.2623
3.0846	22.959	59.1467
13.7141	21.3172	51.3379
5.7599	24.5602	84.7154
17.556	18.4154	42.7519
9.4461	22.0113	47.9073
10.2186	23.3561	65.1646
20.5187	11.4812	7.8335
5.9685	10.349	4.1557
1.628	19.121	46.8142
1.3267	25.2058	79.2798
4.4903	23.3581	59.2566
16.1061	19.6761	46.6219
9.3345	23.7241	67.3894
-0.8425	25.1187	82.7488
19.8676	12.1956	9.0887
5.6858	24.4838	67.785
4.7207	23.2301	58.1854
3.1105	23.2119	60.4733
3.5132	23.6584	62.4757
3.2073	16.2002	33.0232
6.8464	23.6725	59.8416
10.5328	20.4125	38.5467
14.1858	13.789	7.7319
15.5892	20.1193	48.9181
11.1658	22.6581	56.3506
16.1374	13.0653	5.8449
6.1062	20.094	40.799
10.7782	21.1705	42.9853
13.9186	21.1833	62.6157
10.7176	22.9043	71.894
17.5556	16.6027	25.8708
16.1476	19.1453	39.6509
6.3795	23.9062	88.2394
8.0784	22.4766	50.9507
10.8075	22.8121	72.3279
1.7296	17.8513	42.4744
7.6064	24.2238	67.5488
16.5032	12.1735	2.3704
6.537	23.8592	87.8961
-0.3375	22.0487	62.635
7.4369	16.9325	25.8901
4.5426	12.6101	17.2106
11.3682	16.0944	18.0566
17.413	16.3024	23.6488
3.2275	15.9532	32.1827
14.1809	21.0603	61.0721
9.8512	22.5061	51.7307
-5.9243	22.5651	82.3478
11.3836	18.2589	27.6864
16.446	19.4195	53.1974
-3.4328	22.4116	73.1602
9.1542	15.1223	16.1064
10.171	23.2807	71.0508
21.8075	9.085	1.8348
-3.3208	21.7113	70.0949
15.6421	15.4898	16.3234
12.9407	14.2462	9.6023
5.7439	13.2514	15.8373
3.4792	22.9107	58.2046
14.4924	13.8586	8.1411
10.2418	15.6212	16.8947
16.8324	14.355	12.5111
10.1457	23.2884	61.7341
6.8325	14.1407	16.4223
5.2381	13.025	16.4718
8.1868	16.1753	21.7096
1.1553	22.4028	60.4267
8.1071	21.9944	47.987
14.2473	20.9489	61.9346
21.1431	10.6425	6.1965
8.5384	23.2643	82.6829
10.532	18.7085	30.0677
2.0175	21.1653	53.2139
7.1187	12.1864	8.251
8.1044	23.2511	84.9709
-3.4742	22.8237	75.0636
5.5051	21.7343	49.1131
9.7685	22.3223	82.5043
-1.4684	22.4719	67.5021
-2.2561	24.5725	81.4936
10.2016	12.994	6.1003
11.7189	15.4313	15.0435
12.9155	21.7498	66.1397
8.9878	16.3388	21.2372
19.382	15.1055	23.3439
4.4043	24.7682	88.786
13.7737	16.686	20.5533
18.006	14.0133	13.0055
4.7661	11.9024	14.0052
7.5183	14.1588	15.0407
9.2686	23.3172	58.6496
19.6416	10.7912	2.0682
1.6202	23.1049	62.7696
-1.83	24.7146	81.4029
7.9676	17.476	27.2222
15.3211	19.1305	36.2285
20.0647	15.3133	29.642
10.04	15.3133	15.8235
3.7765	24.5433	68.8754
14.1452	21.2007	58.0535
11.9101	16.5906	19.993
0.3126	23.3484	66.9774
5.3835	24.6744	85.1851
5.1575	14.9219	23.3467
17.2696	13.8468	10.8301
11.9467	22.1053	70.8557
3.4904	24.1786	66.104
1.6651	24.9813	75.8821
3.0688	24.9075	73.3525
20.8364	12.37	13.6235
4.5657	15.125	25.6429
0.7884	21.713	58.3694
16.522	16.3182	21.7289
13.9562	16.7038	20.7263
-0.7445	25.2155	83.7761
4.242	24.6521	69.6857
11.6667	16.149	18.15
2.7414	18.6306	42.2245
6.3041	24.1839	64.5988
-6.7929	23.11	88.3602
13.5185	21.4127	64.1017
14.8929	20.238	44.4081
10.2218	22.3361	50.7501
16.592	14.3806	12.2858
-4.7256	24.2978	87.9153
10.0545	22.8121	77.651
19.5361	11.3104	4.0733
8.3191	16.9762	24.709
-5.9223	23.7319	88.5553
8.4993	20.6368	40.4996
10.4009	23.06	72.5394
12.444	18.0073	26.4476
7.3448	24.1666	65.6508
12.9996	20.3851	40.0382
9.0069	22.7984	53.3897
15.6391	17.0959	24.3712
9.7721	12.7911	5.7927
7.6575	23.0202	88.4783
-6.093	22.4733	82.573
15.2168	19.1575	36.1269
17.8914	14.4844	15.0737
17.7357	17.8147	36.0198
10.5139	18.7758	30.3891
2.488	20.9086	51.1155
14.3264	21.0722	57.8722
19.6673	12.5018	9.9484
10.0895	19.3795	33.4297
13.084	21.3013	47.7206
15.4608	16.6685	21.8882
21.2185	11.3537	9.9869
20.0759	10.667	2.7137
13.4476	21.2373	66.7797
10.9872	16.3666	19.4436
7.5694	12.8646	9.899
-6.937	22.9543	88.1158
10.8843	22.8371	71.3144
8.9913	17.2606	25.0084
8.4684	17.1821	25.338
5.9142	17.0054	29.0268
1.7651	17.8969	42.5129
13.9527	16.3371	19.0042
9.9461	23.1151	57.9464
7.6371	10.773	1.2772
18.2534	17.7732	41.9388
10.0974	13.3826	7.828
19.1873	11.8742	5.7131
-5.8919	22.0964	80.2878
3.2835	23.1858	60.0339
19.0147	12.9252	10.1517
-3.4127	23.7523	79.5792
10.9472	18.8297	30.488
15.2412	14.3688	10.8164
5.9283	11.6747	9.4595
9.0885	15.1404	16.2685
14.1194	21.0913	50.9836
4.4467	22.1801	52.8816
11.3415	22.3272	52.8321
2.3302	22.3118	57.419
10.681	21.8473	47.4706
4.2018	24.3349	66.6121
4.9886	20.8773	45.9902
17.5358	12.4383	4.9083
2.0225	17.4535	40.3925
-3.8675	24.6455	87.6598
0.2476	20.3085	54.5845
4.4912	19.7981	42.4717
-0.7616	25.4645	89.3628
6.5554	24.6317	76.6732
5.575	17.5443	31.7267
5.6094	24.6953	83.5453
15.1913	12.7755	3.8206
16.2139	15.125	15.277
12.9082	21.7088	51.7966
8.2476	24.0439	75.3685
15.9723	14.0321	9.9567
5.987	23.4345	58.298
-0.3131	21.5133	60.4569
7.0072	23.3511	89.3381
7.9677	19.0768	33.8664
14.1861	16.9876	22.2288
13.0894	20.4951	40.9583
8.7555	15.3582	17.6116
16.3385	17.9605	30.9659
5.7212	11.6451	9.9731
11.6445	22.511	56.6802
3.4294	20.1211	45.9545
8.2323	13.642	11.6596
5.0289	11.5382	11.8107
-1.6744	24.5907	79.9088
6.6546	13.0831	12.8434
16.8761	18.0233	33.2566
14.2051	14.9066	12.6264
6.6245	23.2828	56.878
-3.3088	24.5579	84.8198
12.0035	22.294	68.1201
1.9241	23.6902	65.3926
4.1232	15.7832	29.0707
2.8111	20.3152	48.0831
14.2344	16.112	18.1005
13.9474	21.2577	60.8798
16.2919	19.1666	40.7468
20.9495	10.8353	6.353
14.684	20.8472	55.1915
12.7025	12.8354	3.6531
17.3539	14.2213	12.7308
15.4716	20.2394	54.9718
20.3412	14.9295	28.4417
4.8836	24.9328	74.2918
18.4185	16.9725	32.4601
12.8399	14.6246	11.2394
6.9044	11.7643	7.1139
13.955	18.1353	27.8484
8.5257	24.0324	70.2652
9.3647	13.9378	11.0361
5.5478	24.6574	70.1224
3.1239	25.1655	88.6129
13.5351	16.9955	21.9129
-6.1762	22.1791	81.6584
1.6907	22.9162	61.6626
9.6705	14.0399	11.0443
3.1112	25.1738	77.401
10.4843	20.8411	40.9308
13.2602	19.2219	33.1523
0.2697	25.4744	87.0391
13.4585	21.3082	65.9777
9.3657	22.6603	82.5483
20.0993	14.267	21.3855
16.5143	19.4297	49.3741
3.9451	15.1378	27.4557
11.6575	22.5557	67.6861
11.7959	22.6064	62.9481
19.7233	12.7729	11.4536
18.8459	16.3531	29.7381
4.2146	19.7497	42.848
-0.9259	25.2555	84.8802
5.5013	15.1546	23.2835
1.7321	17.8962	42.6063
20.291	10.8044	3.9634
11.1744	19.0673	31.5894
10.0303	21.3219	43.6885
2.9884	20.3374	47.7645
7.2447	24.3998	76.7556
11.4981	21.7793	48.0227
15.0216	20.4668	58.7924
10.1862	17.5564	25.1183
16.4263	18.2551	33.3088
8.0411	22.5994	89.0661
1.1534	24.9831	76.7556
7.9196	23.3276	85.3362
17.5916	17.8051	34.9623
18.2397	17.3775	35.2205
2.735	25.2467	88.7338
14.1875	18.2347	28.6093
7.6928	23.9232	81.3865
17.5766	18.4535	44.5207
-5.8587	23.3748	86.1162
18.5444	17.4248	39.714
10.4331	22.8345	55.9304
-1.1009	20.9644	60.6793
10.5255	21.35	43.9988
-6.3258	23.5912	89.2941
16.2828	13.3481	7.2402
5.3151	10.6477	7.5149
4.7945	21.8898	50.9204
11.7858	16.8964	21.3828
5.9857	19.1513	37.1075
16.961	18.656	39.6234
15.8276	19.7582	44.8119
10.1356	23.0131	57.2268
10.8641	23.0697	64.5576
16.4779	18.922	39.2691
15.4883	20.2168	55.2602
19.7727	11.4398	5.2928
8.9368	12.5912	6.2102
4.54	24.6499	69.573
13.1918	21.5978	51.9504
8.7848	23.2953	57.5756
18.9674	13.5116	12.8846
5.2136	24.8805	73.91
17.9145	16.9323	29.4195
13.5814	17.0355	22.1216
4.4502	19.7714	42.4497
7.1283	24.1924	81.5815
15.1677	20.3797	58.0151
6.4741	22.4689	51.8406
19.937	15.3628	28.9142
10.2519	16.3027	19.7266
18.4502	16.8006	31.1252
-2.8007	24.0622	79.5187
18.0144	14.9592	17.7929
15.1161	18.4969	31.485
21.0587	11.2265	8.663
3.4941	15.2393	29.1284
-2.4885	25.1007	87.7065
12.0432	20.6222	40.4172
3.379	25.1392	76.7913
-5.7571	22.9189	83.3558
4.2639	23.1334	58.2183
16.1835	11.9679	1.1563
-0.4426	25.2749	83.8859
6.4583	14.1698	17.3891
2.4975	23.6281	63.9534
8.3136	17.3775	26.3405
-1.8301	20.9432	62.775
10.5742	18.4759	28.9746
7.655	14.2029	14.9419
18.6328	16.5092	29.7574
4.5158	25.0955	79.2221
16.8678	12.6054	4.6776
21.3163	11.8737	13.2252
8.4442	23.1316	55.771
1.1325	18.6316	46.6274
20.2988	12.5718	12.4451
4.8081	12.4254	15.6999
18.2944	17.3141	34.976
14.4541	20.6681	47.0367
3.3492	18.5414	40.387
12.3084	12.7028	3.2273
15.0985	20.269	46.1302
6.5005	24.6131	78.3404
13.0741	21.8563	61.811
6.7915	16.6567	25.9752
18.4858	11.9084	4.293
10.6391	20.267	37.7612
11.0424	22.9617	66.516
6.1662	18.7099	35.0365
8.5533	19.5374	35.2644
7.7761	18.4794	31.5894
13.5319	21.6126	58.3282
6.0079	19.9286	40.2551
13.7077	13.4602	6.2239
20.9134	13.5148	21.1438
12.9399	16.3717	18.8998
11.4421	22.4262	54.3593
15.1472	14.7973	12.6704
4.4075	24.1654	65.0053
19.322	14.2228	17.7352
7.9919	11.4449	3.2795
12.7331	16.9605	21.5641
4.5431	25.0699	77.4944
14.5287	16.1556	18.4851
4.7604	22.258	52.7854
12.0161	16.7696	20.7593
13.1326	12.7952	3.3976
17.9949	13.7016	11.4866
19.7518	10.5461	1.2964
15.8928	19.7076	44.6498
1.4078	19.5798	48.9428
12.8079	17.1741	22.5584
-3.6877	23.4931	79.0298
8.658	23.8135	76.0991
12.9397	21.4524	69.0265
3.845	25.0065	88.0197
9.8427	12.2144	3.3042
17.6245	12.3345	4.5952
5.7682	9.3397	0.6867
7.1878	14.2328	16.0021
-1.5442	23.0232	70.1883
17.5286	11.4611	0.6702
9.2939	22.6726	82.8367
10.8072	15.0404	13.9805
3.7196	21.7928	52.3075
14.4871	20.615	46.5615
5.2377	22.2835	52.2361
8.3783	16.4602	22.5556
11.7952	21.0495	42.9826
-2.3286	20.5788	63.1184
9.2942	15.0718	15.7164
15.2428	13.1571	5.4988
10.9721	13.2915	6.559
13.9427	12.693	2.9801
8.2422	17.9225	28.6669
15.9009	17.3192	26.0439
11.337	15.377	15.0188
-0.7255	25.4779	89.989
-4.5582	24.5763	89.7528
11.9532	16.4637	19.4217
16.9108	11.6988	0.824
13.941	19.3657	34.836
9.3934	14.1556	11.8793
11.3453	22.4913	71.6495
14.0195	15.6817	16.0268
9.2023	15.3582	16.9936
6.7584	24.4701	69.4577
17.1384	18.0396	34.5695
21.2845	10.8189	7.6165
12.6789	14.9988	12.8764
9.888	22.3337	81.8342
8.9834	12.8385	7.1441
12.1071	14.0771	9.1189
2.4557	25.304	80.2548
-3.5242	24.2359	83.0509
10.1373	23.3389	62.9893
4.2541	15.7067	28.4555
0.3977	23.7353	68.9056
10.4207	22.9819	57.8036
10.6258	19.5674	34.1575
-2.9346	24.3656	82.0347
7.9654	15.0216	17.5484
9.8554	12.3086	3.6805
6.1421	24.645	71.1936
10.2351	15.1881	15.1094
7.4056	24.2361	66.9994
15.2486	20.3699	49.635
7.4219	23.0371	89.4067
10.0605	13.5081	8.3883
-1.701	22.7945	69.5758
19.981	10.2644	0.7031
8.0271	23.7335	81.4222
-1.4869	20.682	60.8634
12.3542	22.2342	64.7719
11.3702	16.3117	18.9904
2.8968	16.8442	35.9594
6.6383	24.4641	68.9331
19.1772	10.8476	1.1756
5.0712	11.3275	10.8988
5.6152	9.7408	2.8867
9.2602	22.5667	51.7417
6.848	22.9687	54.6257
-0.8448	21.1504	60.5969
14.8681	19.0465	34.4899
10.7161	22.8363	72.7894
6.2181	12.7282	12.6209
11.3124	16.4797	19.7458
12.7669	12.6909	3.0241
18.4647	17.3941	37.7776
0.8332	23.201	64.9971
12.0965	22.1417	53.4941
15.0887	15.2102	14.5051
-3.5425	24.864	88.7173
12.144	18.9051	30.8258
6.0338	24.7172	72.6713
1.5231	24.0978	68.7408
1.6219	23.3872	64.2665
9.832	22.4222	81.6034
17.8814	17.319	32.2925
11.7476	21.4254	45.6221
15.7745	13.2581	6.3448
4.4906	25.0988	80.6284
10.3928	15.5062	16.2767
7.7616	14.9577	17.6638
20.5023	10.4364	2.9911
8.0757	23.4883	58.7017
20.5062	13.4712	18.4191
-3.1384	23.7692	78.7963
4.5438	24.8206	87.4456
8.9636	17.495	26.0137
2.1192	20.2892	49.624
9.1845	22.2433	49.3988
20.9964	12.2124	13.5081
14.0883	16.605	20.3308
15.8179	18.234	31.3697
11.9145	21.6338	47.5887
8.5841	23.7847	77.1511
9.1891	18.802	31.3889
10.2201	15.267	15.45
14.4829	19.5061	36.7669
16.2842	14.9119	14.3596
4.5904	24.8034	71.5726
17.0425	13.7328	9.9484
10.7556	22.9743	59.4021
20.1411	14.7625	25.2364
13.8979	19.0414	32.8144
16.6919	18.9761	41.4499
7.1781	24.4145	77.0714
12.6402	21.9806	54.3538
3.6998	21.209	49.7806
11.5717	12.6799	3.5322
13.3867	21.0965	46.74
9.8636	18.0125	27.3513
13.1264	16.4475	19.2624
9.241	14.0075	11.4921
7.1494	22.7929	53.3265
13.2434	21.6745	53.7962
-1.0646	24.2695	75.8574
19.2772	11.2854	3.3125
2.1776	20.0076	48.4539
13.8101	21.4322	56.2764
6.7169	20.9702	43.867
8.9857	17.7124	26.8981
21.5504	10.1419	5.5263
2.1487	25.4078	85.7537
8.2004	17.1256	25.4781
15.1367	20.0414	43.5484
14.8282	19.9226	40.9912
-1.8142	21.0716	63.1651
11.0774	22.5994	55.1695
3.12	22.6877	57.6827
-0.0504	19.2101	51.8928
11.7086	18.1846	27.2826
0.5724	25.1907	80.3702
8.4375	18.9582	32.8144
6.6706	20.0215	39.6481
10.1622	22.5771	78.8073
5.7221	24.2411	88.3767
5.1964	20.4466	43.7901
6.1526	19.948	40.1068
20.4474	13.8764	20.7099
14.6648	16.353	19.5206
3.564	17.1897	35.248
14.8416	16.3837	19.8144
3.6779	19.9779	44.864
21.206	10.673	6.592
3.93	25.0724	86.3662
19.8004	12.1324	8.5806
14.9954	19.0583	34.8579
2.3805	17.8072	40.4804
13.8487	14.7464	11.8107
6.0018	14.0986	18.2379
12.6472	13.1807	5.1308
14.2263	21.083	52.0988
14.4641	14.0574	8.9953
14.8919	15.9312	17.6995
2.8259	22.2886	56.3039
8.6045	22.426	50.5606
15.2195	14.5314	11.5278
1.6971	21.2369	54.2521
19.0852	15.8063	26.7855
15.9884	19.7965	47.5777
8.6782	22.0358	88.9563
3.9255	24.7615	71.0727
6.8909	12.6545	10.6269
14.6124	19.6512	38.1265
20.0872	10.664	2.7329
6.555	22.3413	51.044
9.7108	18.9454	31.6251
15.1629	19.3445	37.3684
1.1918	25.1319	78.4613
18.2233	17.521	36.7751
9.2994	21.3121	43.6665
6.333	24.3848	83.8173
14.1257	20.8545	64.3406
6.428	16.7146	26.8981
-4.767	22.3528	77.3351
12.3485	18.4784	28.7301
4.2308	14.9233	25.9175
8.7991	15.6226	18.6059
-4.2333	23.8221	82.7598
12.2746	14.725	11.8052
3.0612	17.3307	37.0635
20.6579	13.017	16.4443
12.7946	14.0336	8.7179
9.6478	12.0953	3.0735
7.6388	14.7747	17.1831
6.9111	11.827	7.3446
9.8694	18.1607	27.9968
14.4583	18.6118	31.0648
-4.6807	21.7427	74.7011
1.971	25.3657	81.9193
7.83	12.7679	8.9706
10.3464	15.7239	17.2243
18.7037	12.3636	6.7925
7.638	24.3277	71.9874
18.3743	17.1109	33.4791
16.435	17.2201	26.5822
3.806	14.3568	25.3545
8.332	22.9662	54.3895
-3.088	22.122	70.9079
15.1461	18.9772	34.6657
13.9454	14.1491	9.2288
6.7207	12.6429	11.0004
4.2124	24.5435	68.554
19.5715	14.5512	20.6494
8.326	24.0881	72.696
7.4164	23.6942	85.0368
15.2156	13.7868	8.2235
9.5517	17.8218	26.791
11.7659	16.621	20.1715
-6.2378	22.5796	83.581
6.8468	14.8554	19.0783
14.1422	12.9412	4.0788
18.4644	16.2873	27.214
18.785	15.9598	26.379
10.3467	13.1891	6.7458
7.7486	24.2784	74.1572
6.5337	16.9901	27.7303
16.4867	17.8835	30.8863
13.7078	21.4949	58.6633
13.9319	19.7741	37.4755
5.0008	23.1663	57.463
11.559	22.1219	73.542
8.9114	12.4507	5.6774
20.9541	12.9684	17.7242
11.4294	17.3933	23.7147
7.0843	24.4412	77.3131
12.1268	18.7249	29.9139
-2.373	24.6472	82.4796
12.4938	21.5785	71.3172
11.4385	22.51	55.4881
-1.8616	22.5255	68.8562
12.6721	14.3565	10.1215
8.5271	14.5804	14.8704
16.5493	19.0882	41.7136
1.7955	25.4364	85.707
16.1192	14.6671	13.011
-0.8492	25.3893	87.2149
2.9346	25.112	76.2831
17.5756	17.9204	35.9896
-4.2407	22.6689	76.8847
9.9024	19.5091	34.1411
-3.5326	21.104	68.6749
-0.551	23.5901	70.4025
9.4722	23.3245	76.5331
13.071	21.6808	65.4036
6.6023	24.6222	76.3408
12.1721	21.5091	73.921
12.5594	20.1088	37.7062
14.0668	21.1052	61.9071
8.0217	13.06	9.7479
-2.9367	22.2972	71.1332
21.6921	9.9581	5.2846
14.0788	14.137	9.2096
5.7353	15.4228	23.6708
14.0704	21.2569	57.8668
-0.1907	20.8517	57.691
6.3566	19.3372	37.2393
-0.1816	22.63	64.7197
0.3265	23.7266	69.021
15.4053	15.7999	17.5484
5.5271	24.3581	66.2688
12.2244	15.4974	15.1341
6.7911	18.3842	32.6798
6.8555	17.374	28.6065
13.3426	21.3311	49.1516
5.2961	24.8267	72.8333
16.4842	19.0264	40.4529
8.0727	15.4116	18.8888
2.7137	25.2006	89.7858
12.8306	16.1012	17.6858
8.7352	21.354	44.0867
17.0111	17.5247	30.1254
-5.3661	21.9523	77.8515
5.3011	24.1254	64.066
3.8474	23.0406	58.3117
5.2125	24.043	63.4068
17.4492	13.554	9.7781
9.3898	23.3703	59.6301
13.735	21.4504	59.946
11.7866	22.2092	71.0892
10.6271	13.0759	5.9822
16.6984	11.6506	0.3598
18.2429	17.181	33.2374
13.6725	13.1698	4.9797
18.5605	15.8004	24.3327
0.8349	22.5537	61.8632
2.7977	24.709	71.4902
14.1072	14.4853	10.7367
-5.9662	21.9215	79.8868
0.4903	21.1367	56.8889
7.5852	23.6093	84.8802
11.1606	21.9088	48.5336
10.1478	23.3021	70.8557
17.3115	17.2282	29.1366
15.9428	15.0487	14.582
17.0555	15.7895	19.9792
15.7657	16.382	20.839
8.2641	11.5831	3.2905
4.7487	11.6369	13.1263
6.8815	20.4528	41.2741
12.9096	16.0167	17.3095
11.6375	22.6781	61.3001
6.4694	22.3142	50.9726
1.3113	20.5593	52.6316
16.7509	17.0473	26.3158
8.2024	16.9897	24.9287
20.11	15.2457	29.3866
19.3243	15.2343	23.9344
6.3279	18.3879	33.4846
13.6138	13.0683	4.543
18.5632	17.3996	39.53
5.0681	18.5889	36.668
12.4734	22.2397	61.2287
19.5654	13.4025	14.1453
12.532	21.4916	47.814
9.8305	23.4026	62.0499
0.1344	22.2463	62.2312
18.8514	11.3603	2.6615
3.6985	25.0769	87.506
10.0417	23.4312	65.4778
17.1261	18.8817	49.1763
4.9277	17.085	31.4933
9.023	23.1611	56.5676
3.5219	25.1516	77.1731
15.7976	14.2395	10.7147
2.8085	22.6932	58.2925
4.3661	13.7969	21.7756
4.057	21.2112	49.1049
0.3138	22.6817	63.7089
4.6841	20.9904	47.0092
4.2597	18.7673	39.0603
3.2493	17.8112	38.1484
13.2812	18.9547	31.6773
14.0156	20.5978	44.1746
7.4505	18.002	30.1062
-5.1747	23.7136	85.5092
7.8413	24.2355	69.5593
15.1866	19.8133	41.4444
-1.6707	23.9074	75.212
1.2411	22.8593	62.3658
8.5918	22.9374	84.666
4.9264	24.9321	74.3907
13.3418	20.617	42.3811
9.9665	16.7362	21.803
8.6601	16.8928	23.9097
21.2499	12.6585	17.5292
-1.1942	25.0317	82.6911
4.1582	24.3725	66.9802
16.404	18.7588	37.2942
-1.8687	21.7112	65.6233
20.9479	11.9496	11.8683
14.0225	13.2845	5.5208
13.2751	21.3039	67.6284
9.7444	14.1031	11.2091
7.7999	12.5514	8.1713
2.6318	20.7587	50.2008
5.1822	18.6062	36.5004
19.3684	14.3109	18.4027
13.9191	15.7865	16.4635
8.8898	21.6746	45.8446
8.7738	22.4595	86.5227
15.9472	14.6887	12.9148
20.0999	13.8241	18.5867
7.4849	13.4866	12.5083
-3.4796	21.482	69.7873
7.3308	17.5169	28.3593
-6.1858	23.775	89.9451
12.8541	17.6631	24.8738
-1.9488	24.807	82.6005
10.1687	23.3594	68.7848
6.6622	23.9533	62.3658
15.6236	19.9549	57.9272
10.23	23.3579	66.4638
13.6691	18.1064	27.4639
15.9589	19.8667	53.2084
12.7814	21.6127	68.8644
7.5156	11.6809	5.2983
17.4273	15.9954	21.9376
1.9539	22.8339	60.6986
3.9727	20.2397	45.2623
3.3548	25.0902	88.9206
8.9697	23.7938	65.2937
-1.8196	21.7287	65.5437
8.6546	15.7909	19.4848
6.9758	18.4783	32.7595
1.1994	23.1119	63.7171
20.9783	11.3158	8.7729
14.8369	20.6105	49.3576
-1.7779	23.6159	73.8523
2.0052	20.3886	50.2695
20.9749	10.7084	5.8559
6.7928	24.5774	75.0664
3.6639	19.4901	43.054
18.6492	15.837	24.9315
1.6787	25.0799	77.0385
18.9785	13.3947	12.3353
10.3094	17.2096	23.5279
15.8427	18.1525	30.9055
14.4222	17.2957	23.9399
-0.596	25.0976	81.8424
6.9278	24.5341	75.4564
15.7698	15.6269	17.1227
8.8393	23.0844	82.4357
7.9318	16.8726	24.8628
8.1668	14.9765	17.0266
18.186	16.4387	27.0684
8.4873	13.7688	11.7145
9.0433	22.4711	85.2126
1.4986	24.4962	71.6688
-0.4158	25.2737	83.798
6.2382	19.877	39.6728
11.9441	22.3817	67.3839
2.5639	18.2757	41.5021
14.8398	19.9442	41.2275
3.5017	23.9577	64.4807
10.7009	22.9751	70.9848
7.8231	24.1573	67.0928
19.9327	15.6164	31.6855
3.2425	25.2928	82.4549
9.5929	16.5461	21.38
20.2946	10.6785	3.4141
-2.8486	22.0008	69.6911
7.3946	20.7725	42.1558
7.1511	24.2572	66.6286
11.1554	16.9968	22.075
10.2956	23.1595	71.9929
8.8916	17.1675	24.742
13.2824	20.3989	40.6204
18.5628	13.0831	9.7974
4.8029	14.7943	23.863
15.4967	18.2216	30.5567
1.9582	23.1914	62.5224
10.767	14.832	13.1455
7.128	15.6847	21.641
19.9748	10.5685	1.9968
14.023	17.0465	22.4073
9.4661	16.0549	19.4986
6.1843	12.4075	11.5058
1.4286	25.384	82.6115
18.7343	15.516	23.2038
1.4221	23.3128	64.283
12.9483	19.5131	34.5338
17.0149	17.8435	32.4409
12.2913	22.023	68.8315
17.6366	17.7193	34.4322
10.6131	22.3225	77.9751
11.81	21.8879	49.6377
4.7918	25.0444	78.6288
2.8955	24.3395	68.1475
-1.9725	23.3079	72.7949
9.3821	18.1351	28.2962
17.2715	18.7577	48.009
20.8407	13.5403	20.8307
5.4351	18.9882	37.4673
10.4525	21.1223	42.5733
0.4323	25.4388	85.3966
12.9114	21.652	67.351
5.6476	11.0681	8.012
7.0788	24.4518	77.0357
14.5714	20.9264	55.3536
19.0907	12.954	10.4895
15.2485	17.1854	24.2833
-6.6705	22.1127	83.2459
-2.2413	25.1831	88.0306
-1.1321	25.2684	85.6932
6.6683	24.335	82.5098
11.8966	12.5154	2.6368
14.2231	20.7097	64.8076
12.3134	17.0605	22.0228
10.4091	22.6714	54.0764
5.4925	15.801	25.6017
9.2019	23.454	60.2124
14.2539	20.9325	49.4125
13.9261	16.6746	20.5725
17.7059	12.81	6.8392
7.1546	17.8833	30.0952
2.4267	24.7237	72.1137
9.3653	19.6409	35.0832
8.4767	15.0909	16.9716
12.1001	13.3445	6.0289
1.195	23.9494	68.4414
17.8122	17.0333	29.7162
0.9435	19.6314	50.3793
4.4582	25.0391	75.9838
17.2436	12.9564	6.7486
10.2048	22.1661	49.4015
9.2636	23.3727	59.317
-1.6091	20.6817	61.2314
-1.9602	25.2227	87.6544
12.7447	12.4303	1.9254
5.2552	20.5776	44.246
1.0525	22.1423	59.5202
9.893	22.5931	52.5025
11.5653	12.8421	4.2189
14.5744	16.5645	20.4654
3.1044	22.0125	54.4801
-1.5415	24.4053	78.1152
0.0676	22.8084	64.9065
2.5893	18.1254	40.9391
4.0395	16.3815	31.29
16.7313	15.4724	17.7462
8.2354	11.5174	3.0763
6.4855	11.0483	5.3945
12.2861	22.3122	58.5946
6.9528	21.9122	48.3276
-0.1203	19.609	53.3402
4.145	24.2208	65.7002
1.5918	23.7924	66.6616
13.2532	17.4408	23.929
5.8225	24.3253	87.1105
21.5762	10.5196	7.4435
13.1409	20.5976	41.8043
10.5505	22.7685	55.4936
8.4265	23.5854	60.1328
17.9083	17.8424	37.7886
11.2813	13.4657	7.037
10.5803	23.1929	66.8126
8.8823	23.8529	66.2963
10.5603	13.9285	9.5859
7.3867	23.564	59.0011
17.152	18.2689	36.7504
0.8445	25.4851	87.6544
0.899	19.9909	51.7115
17.1108	13.9623	11.1103
15.4708	17.7525	27.7248
7.9355	24.2278	70.7212
-6.9912	22.3985	85.6795
-6.2497	22.433	82.985
5.703	9.2224	0.4257
12.2862	22.3216	59.0066
17.5014	17.0317	28.4774
18.3598	16.1916	26.1016
8.8117	21.4896	44.8091
5.6221	14.8257	21.8113
15.0227	20.5795	51.6977
9.4446	15.1188	15.7137
18.4398	17.3839	37.2997
7.3538	12.5822	9.2618
5.6097	24.4474	86.8551
13.0807	21.3218	69.021
6.1679	24.7296	74.2808
8.2148	11.633	3.5954
6.488	14.0851	17.0046
1.1481	22.2051	59.5669
1.7769	22.9853	61.8274
13.5728	13.5769	6.7129
16.4505	14.9166	14.6068
2.6904	22.5699	57.9134
1.0351	25.3219	81.6639
14.6497	12.8709	3.947
18.004	17.5856	35.5968
16.9004	13.473	8.5641
5.9953	10.1862	3.4114
-2.0958	23.497	74.127
5.2901	24.2984	89.761
7.309	11.0238	3.1092
3.055	21.6707	53.0546
11.4682	15.587	15.8345
9.7791	17.9925	27.3321
2.3284	24.4225	69.6554
-3.5901	24.7512	87.6571
11.1754	16.5189	19.9875
7.2102	13.1609	11.8409
19.6217	14.1536	18.4768
17.3781	12.8225	6.3585
1.818	19.7887	48.583
4.4902	23.3514	59.2154
9.3661	23.6252	63.9396
17.2474	18.2901	37.5936
6.3831	24.6044	79.7659
-4.8602	23.5068	83.1333
10.5596	23.1721	62.6597
13.7721	12.5996	2.5599
5.9448	21.8502	49.1021
2.0059	25.4153	86.6216
2.3817	24.2045	67.925
1.0065	24.7746	74.9565
6.1815	16.6449	27.1371
11.023	22.1	49.9124
9.7938	20.7302	40.3485
3.7343	24.3215	66.95
17.6782	11.9854	3.1587
15.719	20.0396	54.5488
10.7355	23.1296	64.7884
5.7441	17.5534	31.4109
8.3443	23.0314	85.2647
13.7789	15.1847	13.7251
5.2199	24.8306	83.5124
17.9154	15.4874	20.383
19.204	16.653	36.6185
-4.9844	24.2904	88.8931
6.6413	21.3149	45.6084
10.6022	22.0334	79.8209
8.7665	20.1698	38.0248
-4.7793	23.4651	82.6115
7.5772	16.1622	22.6545
19.3972	16.005	30.5429
4.2906	24.3518	66.689
-0.7217	20.4	57.658
19.7912	14.3883	20.6275
4.7786	15.2497	25.4863
15.071	20.5371	51.272
10.9729	17.0415	22.3661
11.6853	18.3499	28.0682
2.3787	25.3792	83.1663
-1.5699	24.9769	83.1745
12.6967	19.1331	32.2376
3.7211	15.8747	30.499
16.0539	18.9517	37.4041
11.2505	22.4612	54.0791
2.7574	25.1943	77.7911
8.2324	23.6473	81.0816
8.8231	22.9694	83.3146
-0.744	23.3707	69.7351
15.9361	17.7555	28.656
5.3033	24.4747	67.535
17.8936	16.9571	29.5102
15.8633	16.1881	19.9957
9.1802	22.5824	83.9381
-4.8479	21.7499	75.2998
9.0296	21.808	46.6109
9.3251	14.9337	15.1176
14.5385	16.2229	18.8092
2.344	25.3701	86.9567
15.1719	18.551	31.9327
6.3081	24.4704	68.2931
7.7983	14.8984	17.3672
12.3693	13.8069	7.8719
6.1603	14.8243	20.4984
20.5	12.7902	14.4282
17.3226	17.5823	31.7267
12.1661	16.1858	18.1445
20.7406	13.8286	22.2398
9.378	17.4099	25.2089
21.7927	10.3011	7.3885
5.2311	24.9278	80.7355
14.593	13.2347	5.4851
18.9212	13.0197	10.3632
11.6073	21.9077	74.8219
11.4235	21.5216	45.8968
17.7806	16.6131	26.6894
7.5225	24.1109	65.2141
3.8926	25.1348	77.3214
4.9647	24.9694	81.8479
10.5001	22.8558	56.4
3.7414	25.0063	74.4676
14.5548	20.9382	55.1201
-4.5301	23.4527	81.6639
4.9987	19.7984	41.4856
20.7763	10.063	2.244
-0.6538	22.5795	65.7305
8.0784	17.3267	26.4614
19.6788	14.9267	23.6268
11.5275	22.6406	58.3859
-0.4876	21.4099	60.5448
4.1112	20.1966	44.8091
9.2071	21.371	44.0208
8.2212	16.0004	20.9653
-0.724	25.4219	87.6928
4.1768	25.1343	78.3734
17.7272	14.4143	14.376
13.3296	21.6825	55.1064
7.2433	12.998	11.135
5.1474	22.5665	53.8539
13.4072	12.9717	4.1282
4.384	23.1253	58.0041
17.8638	12.5675	6.0317
7.0179	15.4968	21.1438
17.1654	18.7786	43.9219
16.2497	19.6517	50.22
4.419	16.3893	30.3204
10.2269	22.6707	77.7334
-1.6337	23.9453	75.3356
-6.6019	22.1712	83.2212
4.8653	24.8529	72.5861
6.9324	24.415	79.3869
16.1364	19.6646	46.8526
15.47	16.9139	23.1626
16.0979	13.1441	6.1498
8.881	19.9818	37.0415
13.6103	21.158	66.1068
14.5812	16.6622	20.9433
15.6539	19.3768	39.4339
5.9058	17.2607	29.9908
-0.8225	23.0467	68.3288
3.7277	20.91	48.4704
13.402	21.5358	52.5547
6.5939	24.1279	85.284
8.1392	23.7003	81.1008
8.0214	18.4687	31.2213
0.413	23.9527	70.1691
6.5826	15.8595	23.3879
18.4363	12.1624	5.3175
17.3642	18.1601	37.0223
-3.8425	21.3721	70.5921
-5.4741	22.4272	80.1202
-6.2568	22.2923	82.4192
6.1103	24.645	71.0837
3.6497	16.0067	31.1307
7.8075	23.0298	54.7877
4.7856	24.5012	67.8646
10.154	15.6976	17.2958
16.1673	17.8367	29.6997
6.6858	21.1214	44.6223
-1.5339	24.7502	80.8536
1.5526	25.4503	85.7729
14.2395	20.3479	42.6695
3.3383	24.0609	65.4366
1.217	24.2403	70.3201
1.8987	21.924	56.6225
8.3206	24.086	68.955
1.022	25.4765	88.5333
3.0737	22.5609	57.1361
7.2155	15.3004	20.0095
18.4466	17.5421	40.3815
16.5183	19.253	43.8725
10.6363	22.9041	72.6081
6.6009	10.3982	2.4253
2.1796	22.4319	58.2925
7.0704	23.6288	59.49
11.9782	22.5043	63.1898
5.5201	11.282	9.237
12.1038	22.3129	56.3781
7.089	19.5796	37.1596
14.6994	18.6171	31.4685
8.9609	19.2241	33.4764
12.2798	22.3386	59.7949
14.5544	12.962	4.2985
8.0868	22.8358	53.3842
7.499	18.2087	30.8698
13.6526	21.2963	50.5139
4.475	24.8456	72.1522
3.5543	25.2507	81.7078
4.8295	19.6299	41.1423
0.2265	23.6672	68.9166
17.9658	11.1795	0.1758
9.3928	23.4349	75.7695
8.1193	12.0621	5.5455
19.904	12.6932	11.6486
0.7999	24.9182	76.7391
7.5952	12.2584	7.4407
6.7808	10.0951	0.6455
6.8877	16.6414	25.7363
-0.6708	24.4349	76.0002
18.0028	14.0853	13.3488
5.6156	24.8686	78.3761
4.2266	23.2424	58.9077
-3.1305	22.1356	71.0947
-1.0948	21.7064	63.3628
0.955	24.4403	72.3005
13.4692	13.4622	6.2185
17.4666	18.5199	43.5456
17.7199	18.3346	45.3117
10.0183	11.5278	0.1868
11.0865	12.4421	2.9032
0.2827	25.4976	88.9261
-0.5344	25.3748	85.9734
-3.006	22.6375	72.7702
7.6984	22.8414	53.4584
6.3337	21.8747	48.7643
8.4718	17.9012	28.2879
3.7755	18.3812	38.7912
-0.1606	24.7218	77.0138
16.5147	13.6216	8.7262
2.2163	19.0014	44.8448
5.7176	16.1446	26.3103
11.9446	14.0119	8.9184
9.5626	21.2052	43.0128
2.3486	19.8876	47.5997
16.1155	11.762	0.2142
3.908	21.0293	48.6132
5.1114	12.5093	15.027
2.3453	21.508	53.8649
8.9397	22.4061	86.0366
13.1391	21.7338	63.7062
12.803	21.9479	64.3022
7.3084	24.3268	68.5156
7.4318	22.2698	49.9591
2.471	17.8419	40.3403
12.0396	22.1475	69.6445
11.4777	17.1214	22.4842
9.2055	12.4364	5.1445
2.7231	20.7068	49.7916
-0.3534	23.3383	68.5623
7.6622	19.8211	37.4837
12.2292	12.936	4.2463
7.0648	10.4428	1.3239
19.0923	13.4492	12.9231
11.9999	18.1236	26.975
5.6355	21.5834	48.2012
1.929	25.3437	81.2876
10.7394	18.8978	30.8753
1.7568	24.7527	73.4046
